Distance in bp(Fragment Length Estimate: 67)(Peak Width Estimate: 67)	Same Strand (+ for Watson strand, - for Crick)	Opposite Strand
-2000	119992.0	122304.0
-1999	120228.0	122471.0
-1998	120383.0	122157.0
-1997	120305.0	121965.0
-1996	120181.0	122223.0
-1995	120460.0	122186.0
-1994	119968.0	122012.0
-1993	120598.0	121850.0
-1992	120247.0	122080.0
-1991	120038.0	121982.0
-1990	120300.0	122469.0
-1989	120368.0	122112.0
-1988	120266.0	122095.0
-1987	120448.0	122526.0
-1986	120002.0	122045.0
-1985	120078.0	122022.0
-1984	120271.0	122231.0
-1983	120371.0	121930.0
-1982	120324.0	121868.0
-1981	120254.0	122116.0
-1980	120496.0	122040.0
-1979	120008.0	121839.0
-1978	120325.0	122247.0
-1977	120130.0	121716.0
-1976	119769.0	121918.0
-1975	120359.0	121855.0
-1974	119928.0	121968.0
-1973	119911.0	122303.0
-1972	120182.0	122124.0
-1971	120300.0	122151.0
-1970	120031.0	121890.0
-1969	120313.0	121982.0
-1968	119704.0	122145.0
-1967	119724.0	121872.0
-1966	120001.0	122161.0
-1965	120387.0	121957.0
-1964	120183.0	122127.0
-1963	119961.0	122034.0
-1962	120347.0	121602.0
-1961	120108.0	121913.0
-1960	119899.0	122087.0
-1959	120587.0	121881.0
-1958	120283.0	122028.0
-1957	120202.0	122047.0
-1956	120386.0	122063.0
-1955	120105.0	121889.0
-1954	119956.0	122097.0
-1953	119919.0	122065.0
-1952	120085.0	121825.0
-1951	119933.0	122011.0
-1950	120207.0	121931.0
-1949	119960.0	122111.0
-1948	120124.0	122096.0
-1947	119958.0	121724.0
-1946	119885.0	121916.0
-1945	120191.0	121832.0
-1944	120203.0	122048.0
-1943	120372.0	122066.0
-1942	119769.0	121929.0
-1941	120282.0	121777.0
-1940	119813.0	121878.0
-1939	119972.0	121835.0
-1938	120225.0	121604.0
-1937	119956.0	121840.0
-1936	120187.0	122061.0
-1935	120323.0	121821.0
-1934	119886.0	121875.0
-1933	120090.0	121956.0
-1932	120103.0	121618.0
-1931	119892.0	122113.0
-1930	119984.0	122399.0
-1929	120302.0	121687.0
-1928	120028.0	121421.0
-1927	120063.0	121933.0
-1926	119998.0	121777.0
-1925	119860.0	121508.0
-1924	119883.0	121869.0
-1923	120012.0	121645.0
-1922	119937.0	121779.0
-1921	119859.0	122027.0
-1920	119762.0	121871.0
-1919	119689.0	122016.0
-1918	119991.0	121934.0
-1917	120134.0	121667.0
-1916	119715.0	122052.0
-1915	120135.0	122011.0
-1914	120009.0	121683.0
-1913	120225.0	121580.0
-1912	119991.0	121973.0
-1911	120200.0	121678.0
-1910	119799.0	121623.0
-1909	120156.0	121951.0
-1908	119996.0	121610.0
-1907	119565.0	121688.0
-1906	119994.0	121830.0
-1905	120205.0	121880.0
-1904	120108.0	121867.0
-1903	120138.0	121426.0
-1902	120003.0	121646.0
-1901	119942.0	121758.0
-1900	119774.0	121654.0
-1899	119712.0	121993.0
-1898	120116.0	121517.0
-1897	120044.0	121651.0
-1896	120053.0	121708.0
-1895	119721.0	121583.0
-1894	120080.0	121723.0
-1893	120089.0	121484.0
-1892	119759.0	121566.0
-1891	119988.0	121549.0
-1890	119991.0	121668.0
-1889	119860.0	121833.0
-1888	119671.0	121381.0
-1887	119810.0	121865.0
-1886	120093.0	121898.0
-1885	119679.0	121803.0
-1884	120246.0	121450.0
-1883	120025.0	121501.0
-1882	119938.0	121900.0
-1881	120113.0	121668.0
-1880	120025.0	121675.0
-1879	119994.0	121628.0
-1878	119993.0	121425.0
-1877	119882.0	121544.0
-1876	119783.0	121671.0
-1875	119984.0	121571.0
-1874	119767.0	121763.0
-1873	119797.0	121581.0
-1872	120167.0	121639.0
-1871	119997.0	121534.0
-1870	120166.0	121726.0
-1869	119840.0	121656.0
-1868	119873.0	121461.0
-1867	119951.0	121826.0
-1866	119977.0	121754.0
-1865	119739.0	121442.0
-1864	119860.0	121507.0
-1863	120141.0	121890.0
-1862	119824.0	121613.0
-1861	119515.0	121788.0
-1860	120052.0	121838.0
-1859	119546.0	121742.0
-1858	119820.0	121916.0
-1857	120177.0	121752.0
-1856	120100.0	121764.0
-1855	119951.0	121616.0
-1854	119808.0	122056.0
-1853	119561.0	121579.0
-1852	119779.0	121776.0
-1851	120059.0	121559.0
-1850	119586.0	122069.0
-1849	120091.0	122027.0
-1848	119819.0	121822.0
-1847	119530.0	121798.0
-1846	119780.0	122210.0
-1845	120217.0	121902.0
-1844	119958.0	121790.0
-1843	119724.0	121899.0
-1842	120184.0	121836.0
-1841	119728.0	121459.0
-1840	119814.0	122118.0
-1839	120056.0	121839.0
-1838	119612.0	121608.0
-1837	119844.0	121857.0
-1836	120198.0	121896.0
-1835	119921.0	121780.0
-1834	119714.0	121891.0
-1833	119990.0	121917.0
-1832	119962.0	121592.0
-1831	119783.0	121730.0
-1830	119986.0	121828.0
-1829	119893.0	122156.0
-1828	119590.0	122251.0
-1827	120080.0	121801.0
-1826	120003.0	121865.0
-1825	120104.0	121748.0
-1824	120202.0	121781.0
-1823	119763.0	121525.0
-1822	119884.0	121933.0
-1821	119958.0	122119.0
-1820	119921.0	121793.0
-1819	119312.0	122026.0
-1818	119942.0	121806.0
-1817	120206.0	121620.0
-1816	120102.0	121686.0
-1815	119772.0	121671.0
-1814	120047.0	121907.0
-1813	120085.0	122243.0
-1812	119896.0	121622.0
-1811	120101.0	121677.0
-1810	119852.0	122031.0
-1809	119806.0	121935.0
-1808	119852.0	121989.0
-1807	120004.0	121704.0
-1806	119987.0	121509.0
-1805	119763.0	122015.0
-1804	120012.0	122122.0
-1803	119809.0	121578.0
-1802	119737.0	121577.0
-1801	119701.0	121876.0
-1800	120045.0	121837.0
-1799	119976.0	121796.0
-1798	119857.0	121973.0
-1797	120062.0	121792.0
-1796	119740.0	121816.0
-1795	119854.0	121915.0
-1794	120056.0	121973.0
-1793	119867.0	121720.0
-1792	119720.0	121792.0
-1791	120056.0	121739.0
-1790	120040.0	121843.0
-1789	120132.0	121741.0
-1788	120051.0	121795.0
-1787	119882.0	121819.0
-1786	120060.0	121972.0
-1785	119983.0	122044.0
-1784	119649.0	122038.0
-1783	119879.0	122315.0
-1782	120110.0	122079.0
-1781	119940.0	121956.0
-1780	120022.0	122078.0
-1779	119811.0	122161.0
-1778	119844.0	122116.0
-1777	119924.0	121879.0
-1776	120061.0	121867.0
-1775	119685.0	121707.0
-1774	119886.0	122381.0
-1773	120186.0	122180.0
-1772	119958.0	121823.0
-1771	119790.0	122120.0
-1770	120335.0	122130.0
-1769	119971.0	121933.0
-1768	119653.0	122300.0
-1767	120109.0	122166.0
-1766	119942.0	122014.0
-1765	120370.0	122169.0
-1764	120053.0	122232.0
-1763	119879.0	122155.0
-1762	120118.0	122031.0
-1761	120415.0	122113.0
-1760	120049.0	122058.0
-1759	120647.0	122411.0
-1758	120176.0	122114.0
-1757	120100.0	122164.0
-1756	120048.0	122150.0
-1755	120133.0	121856.0
-1754	120013.0	122015.0
-1753	120082.0	122380.0
-1752	120152.0	122420.0
-1751	120229.0	122295.0
-1750	120268.0	122250.0
-1749	120245.0	122219.0
-1748	120006.0	122168.0
-1747	120242.0	122150.0
-1746	120160.0	122223.0
-1745	120136.0	122184.0
-1744	120120.0	122330.0
-1743	120544.0	121685.0
-1742	119980.0	121905.0
-1741	120219.0	122159.0
-1740	120100.0	122444.0
-1739	120225.0	122323.0
-1738	120467.0	122472.0
-1737	120332.0	122447.0
-1736	120270.0	122379.0
-1735	120097.0	121960.0
-1734	120322.0	122207.0
-1733	120121.0	122054.0
-1732	120518.0	122340.0
-1731	120335.0	122225.0
-1730	120340.0	122295.0
-1729	120230.0	122449.0
-1728	120321.0	122112.0
-1727	120069.0	122444.0
-1726	120306.0	122515.0
-1725	120423.0	122682.0
-1724	120161.0	122530.0
-1723	120517.0	122433.0
-1722	120064.0	122439.0
-1721	120568.0	122209.0
-1720	120422.0	122545.0
-1719	120466.0	122558.0
-1718	120457.0	122345.0
-1717	120497.0	122345.0
-1716	120575.0	122416.0
-1715	120566.0	122472.0
-1714	120526.0	122645.0
-1713	120701.0	122647.0
-1712	120206.0	122535.0
-1711	120307.0	122895.0
-1710	120920.0	122399.0
-1709	120256.0	122273.0
-1708	120599.0	122790.0
-1707	120772.0	122670.0
-1706	120472.0	122316.0
-1705	120327.0	122861.0
-1704	120663.0	122779.0
-1703	120392.0	122334.0
-1702	120576.0	122604.0
-1701	120667.0	122744.0
-1700	120405.0	122465.0
-1699	120197.0	122507.0
-1698	120694.0	122667.0
-1697	120547.0	122698.0
-1696	120395.0	122693.0
-1695	120625.0	122721.0
-1694	120668.0	122513.0
-1693	120849.0	122874.0
-1692	120923.0	122754.0
-1691	120643.0	122813.0
-1690	120461.0	122905.0
-1689	120754.0	122330.0
-1688	120694.0	122576.0
-1687	120514.0	123081.0
-1686	120786.0	122724.0
-1685	120499.0	122589.0
-1684	120679.0	122681.0
-1683	120596.0	122645.0
-1682	120497.0	122740.0
-1681	120566.0	123080.0
-1680	120794.0	122950.0
-1679	120613.0	123020.0
-1678	120812.0	122946.0
-1677	120702.0	122790.0
-1676	120780.0	122606.0
-1675	120559.0	122912.0
-1674	120882.0	122511.0
-1673	120712.0	122598.0
-1672	121100.0	122866.0
-1671	120789.0	122646.0
-1670	120484.0	122557.0
-1669	120844.0	123079.0
-1668	121180.0	122808.0
-1667	120466.0	122892.0
-1666	120785.0	122941.0
-1665	120900.0	122892.0
-1664	120729.0	122824.0
-1663	120263.0	122619.0
-1662	121012.0	122954.0
-1661	120872.0	122579.0
-1660	120781.0	123073.0
-1659	120855.0	122890.0
-1658	120708.0	123108.0
-1657	120511.0	122920.0
-1656	120813.0	122908.0
-1655	120870.0	122947.0
-1654	121169.0	123048.0
-1653	121086.0	122569.0
-1652	120507.0	122602.0
-1651	121138.0	123118.0
-1650	121340.0	122774.0
-1649	120666.0	122312.0
-1648	120888.0	122919.0
-1647	121243.0	123101.0
-1646	120691.0	123021.0
-1645	120919.0	122813.0
-1644	121185.0	123128.0
-1643	120976.0	122846.0
-1642	120387.0	122906.0
-1641	120890.0	122542.0
-1640	121571.0	122497.0
-1639	120854.0	122948.0
-1638	121146.0	123085.0
-1637	120959.0	122385.0
-1636	120358.0	122663.0
-1635	121161.0	122859.0
-1634	120596.0	122932.0
-1633	120663.0	123092.0
-1632	121198.0	122781.0
-1631	120760.0	122646.0
-1630	120759.0	122789.0
-1629	120994.0	122926.0
-1628	120833.0	122610.0
-1627	120770.0	123220.0
-1626	121053.0	123006.0
-1625	121063.0	122573.0
-1624	120751.0	122713.0
-1623	120947.0	122722.0
-1622	120786.0	122773.0
-1621	120771.0	122936.0
-1620	120876.0	122597.0
-1619	120741.0	122833.0
-1618	120561.0	123004.0
-1617	121195.0	122960.0
-1616	120800.0	122606.0
-1615	120348.0	122975.0
-1614	120885.0	122981.0
-1613	120405.0	122977.0
-1612	120865.0	122975.0
-1611	120783.0	122936.0
-1610	120966.0	122556.0
-1609	120337.0	122573.0
-1608	121117.0	123083.0
-1607	121157.0	122726.0
-1606	120825.0	122881.0
-1605	121028.0	122426.0
-1604	120767.0	122753.0
-1603	120511.0	122764.0
-1602	121298.0	122891.0
-1601	120905.0	122663.0
-1600	120605.0	122967.0
-1599	121050.0	122887.0
-1598	120895.0	122680.0
-1597	120691.0	122993.0
-1596	121268.0	122921.0
-1595	120955.0	122438.0
-1594	120428.0	122954.0
-1593	121114.0	122946.0
-1592	120673.0	122606.0
-1591	120922.0	122912.0
-1590	120914.0	122861.0
-1589	120849.0	123046.0
-1588	120950.0	123187.0
-1587	120666.0	122586.0
-1586	121035.0	122903.0
-1585	120726.0	123113.0
-1584	121055.0	122823.0
-1583	120529.0	122535.0
-1582	120816.0	123082.0
-1581	120783.0	122600.0
-1580	120730.0	122752.0
-1579	120866.0	122775.0
-1578	120733.0	123186.0
-1577	120879.0	122826.0
-1576	120640.0	122823.0
-1575	121076.0	122947.0
-1574	121015.0	122731.0
-1573	120503.0	123076.0
-1572	121253.0	122679.0
-1571	120867.0	122812.0
-1570	120641.0	122884.0
-1569	121103.0	122842.0
-1568	120892.0	123074.0
-1567	120650.0	123019.0
-1566	121228.0	122492.0
-1565	120799.0	122777.0
-1564	120876.0	122844.0
-1563	121090.0	123124.0
-1562	120988.0	122572.0
-1561	120839.0	122852.0
-1560	120943.0	122775.0
-1559	120619.0	122452.0
-1558	120504.0	122573.0
-1557	120551.0	122854.0
-1556	121005.0	122693.0
-1555	120555.0	122982.0
-1554	121263.0	123174.0
-1553	120780.0	122789.0
-1552	120788.0	123010.0
-1551	120982.0	122870.0
-1550	121128.0	122786.0
-1549	120804.0	122601.0
-1548	120967.0	122470.0
-1547	120641.0	122627.0
-1546	120992.0	122964.0
-1545	121025.0	122925.0
-1544	120701.0	122458.0
-1543	120762.0	122729.0
-1542	121410.0	122847.0
-1541	120607.0	122761.0
-1540	120796.0	122911.0
-1539	120717.0	122895.0
-1538	120839.0	122375.0
-1537	120972.0	123176.0
-1536	120870.0	122796.0
-1535	120617.0	122606.0
-1534	120599.0	123013.0
-1533	120684.0	122780.0
-1532	120641.0	122977.0
-1531	121082.0	122592.0
-1530	120958.0	122625.0
-1529	120801.0	122999.0
-1528	120813.0	122725.0
-1527	120878.0	122726.0
-1526	120682.0	122874.0
-1525	120977.0	122745.0
-1524	120721.0	122652.0
-1523	120315.0	123142.0
-1522	120717.0	122679.0
-1521	120926.0	122731.0
-1520	120662.0	122617.0
-1519	120775.0	122754.0
-1518	120789.0	123026.0
-1517	121188.0	122475.0
-1516	120820.0	122856.0
-1515	121188.0	122868.0
-1514	120868.0	122428.0
-1513	120555.0	122843.0
-1512	121090.0	122766.0
-1511	120830.0	122561.0
-1510	120487.0	122779.0
-1509	121177.0	122683.0
-1508	121005.0	122741.0
-1507	120731.0	122973.0
-1506	121045.0	122875.0
-1505	120812.0	122593.0
-1504	120929.0	122800.0
-1503	121124.0	122988.0
-1502	120852.0	122502.0
-1501	120773.0	122391.0
-1500	120716.0	122874.0
-1499	120882.0	122800.0
-1498	120673.0	122828.0
-1497	120731.0	122578.0
-1496	120593.0	122575.0
-1495	120746.0	122720.0
-1494	120978.0	122834.0
-1493	120804.0	122797.0
-1492	121386.0	123025.0
-1491	120933.0	122842.0
-1490	120667.0	122601.0
-1489	120659.0	122868.0
-1488	120995.0	122792.0
-1487	120942.0	122490.0
-1486	120723.0	123061.0
-1485	120916.0	122634.0
-1484	120782.0	122857.0
-1483	120799.0	122848.0
-1482	121220.0	122952.0
-1481	120913.0	122592.0
-1480	120925.0	122673.0
-1479	120893.0	122707.0
-1478	121013.0	122492.0
-1477	120456.0	122721.0
-1476	120661.0	122626.0
-1475	120849.0	122882.0
-1474	120719.0	122785.0
-1473	121037.0	122680.0
-1472	120526.0	122437.0
-1471	121012.0	122841.0
-1470	121297.0	122439.0
-1469	120678.0	122236.0
-1468	121121.0	122765.0
-1467	120848.0	122710.0
-1466	120779.0	122568.0
-1465	120738.0	122816.0
-1464	120868.0	122993.0
-1463	121049.0	122453.0
-1462	120910.0	122737.0
-1461	120957.0	122635.0
-1460	121042.0	122435.0
-1459	120844.0	122851.0
-1458	120938.0	122700.0
-1457	120965.0	122559.0
-1456	120885.0	122980.0
-1455	120947.0	122624.0
-1454	120521.0	122716.0
-1453	120714.0	122771.0
-1452	121016.0	122774.0
-1451	120891.0	122318.0
-1450	120665.0	123025.0
-1449	121261.0	122605.0
-1448	120686.0	122543.0
-1447	120743.0	122704.0
-1446	120884.0	122741.0
-1445	120526.0	122552.0
-1444	120808.0	122825.0
-1443	120766.0	122654.0
-1442	120628.0	122309.0
-1441	120860.0	122712.0
-1440	120845.0	122791.0
-1439	120318.0	122868.0
-1438	120369.0	122887.0
-1437	121029.0	122848.0
-1436	120689.0	122664.0
-1435	120639.0	122676.0
-1434	121017.0	122758.0
-1433	120666.0	122432.0
-1432	120766.0	122590.0
-1431	120774.0	122975.0
-1430	120433.0	122704.0
-1429	120780.0	122505.0
-1428	120790.0	122442.0
-1427	120626.0	122658.0
-1426	120674.0	122783.0
-1425	120972.0	122434.0
-1424	120573.0	122512.0
-1423	120343.0	122437.0
-1422	120943.0	122761.0
-1421	120583.0	122249.0
-1420	120714.0	122583.0
-1419	120845.0	122325.0
-1418	120694.0	122618.0
-1417	120762.0	122726.0
-1416	120864.0	122322.0
-1415	120848.0	122261.0
-1414	120811.0	122781.0
-1413	120919.0	122795.0
-1412	120599.0	122529.0
-1411	120682.0	122283.0
-1410	120724.0	122588.0
-1409	120478.0	122626.0
-1408	120919.0	122766.0
-1407	120496.0	122638.0
-1406	120803.0	122575.0
-1405	120497.0	122640.0
-1404	120943.0	122556.0
-1403	120789.0	122713.0
-1402	120741.0	122688.0
-1401	120919.0	122645.0
-1400	120795.0	122440.0
-1399	120610.0	122583.0
-1398	120842.0	122543.0
-1397	120796.0	122661.0
-1396	120977.0	122682.0
-1395	120898.0	122452.0
-1394	120592.0	122652.0
-1393	120474.0	122457.0
-1392	120938.0	122596.0
-1391	120943.0	122554.0
-1390	121096.0	122941.0
-1389	120819.0	123012.0
-1388	120599.0	122531.0
-1387	120926.0	122582.0
-1386	120882.0	122483.0
-1385	120657.0	122640.0
-1384	120670.0	122515.0
-1383	120755.0	122623.0
-1382	120658.0	122195.0
-1381	120510.0	122378.0
-1380	120927.0	122759.0
-1379	120479.0	122549.0
-1378	120637.0	122624.0
-1377	121182.0	122743.0
-1376	120678.0	122602.0
-1375	120495.0	122341.0
-1374	120773.0	122625.0
-1373	120815.0	122615.0
-1372	120543.0	122721.0
-1371	121072.0	122469.0
-1370	120685.0	122560.0
-1369	120871.0	122679.0
-1368	121103.0	122565.0
-1367	120729.0	122685.0
-1366	120454.0	122824.0
-1365	120934.0	122918.0
-1364	120884.0	122848.0
-1363	121005.0	122955.0
-1362	120551.0	122671.0
-1361	120735.0	122428.0
-1360	120540.0	122943.0
-1359	121069.0	122627.0
-1358	121030.0	122214.0
-1357	120666.0	122501.0
-1356	121399.0	122916.0
-1355	120818.0	122589.0
-1354	120955.0	122581.0
-1353	121173.0	122593.0
-1352	120657.0	122239.0
-1351	120684.0	122563.0
-1350	120925.0	122798.0
-1349	120650.0	122653.0
-1348	120718.0	122839.0
-1347	120985.0	122555.0
-1346	120839.0	122547.0
-1345	121125.0	122888.0
-1344	121062.0	122845.0
-1343	120875.0	122788.0
-1342	120603.0	122652.0
-1341	120831.0	122891.0
-1340	121031.0	122733.0
-1339	120557.0	122774.0
-1338	121171.0	122540.0
-1337	120658.0	122727.0
-1336	120539.0	122852.0
-1335	120846.0	122533.0
-1334	120909.0	122317.0
-1333	120581.0	122461.0
-1332	120809.0	122786.0
-1331	120905.0	122282.0
-1330	121022.0	122926.0
-1329	120723.0	122418.0
-1328	120667.0	122783.0
-1327	120932.0	122755.0
-1326	121001.0	122684.0
-1325	120652.0	122552.0
-1324	120801.0	122893.0
-1323	121135.0	122690.0
-1322	120949.0	122555.0
-1321	120764.0	122586.0
-1320	121227.0	122614.0
-1319	120795.0	122575.0
-1318	120736.0	122384.0
-1317	120530.0	122805.0
-1316	120728.0	122270.0
-1315	120551.0	122418.0
-1314	120773.0	122686.0
-1313	120884.0	122674.0
-1312	120422.0	122555.0
-1311	120870.0	122712.0
-1310	120843.0	122843.0
-1309	120596.0	122875.0
-1308	121104.0	122642.0
-1307	120983.0	122660.0
-1306	120903.0	122651.0
-1305	121134.0	122756.0
-1304	120894.0	122477.0
-1303	120690.0	122325.0
-1302	121057.0	122552.0
-1301	120558.0	122900.0
-1300	120743.0	122525.0
-1299	120997.0	122647.0
-1298	120815.0	122853.0
-1297	120636.0	122775.0
-1296	120834.0	122700.0
-1295	120615.0	122607.0
-1294	120847.0	122435.0
-1293	120830.0	122435.0
-1292	120681.0	122772.0
-1291	120846.0	122625.0
-1290	121048.0	122919.0
-1289	120823.0	122878.0
-1288	120764.0	122555.0
-1287	121607.0	122828.0
-1286	120738.0	122215.0
-1285	120836.0	122786.0
-1284	121153.0	122741.0
-1283	120704.0	122501.0
-1282	120778.0	122841.0
-1281	121108.0	122755.0
-1280	120823.0	122277.0
-1279	120715.0	122680.0
-1278	121130.0	122870.0
-1277	120621.0	122723.0
-1276	121015.0	122683.0
-1275	120999.0	122749.0
-1274	120776.0	122740.0
-1273	120737.0	122712.0
-1272	121023.0	122735.0
-1271	120853.0	122629.0
-1270	120983.0	123009.0
-1269	120990.0	122810.0
-1268	120837.0	122926.0
-1267	120724.0	123045.0
-1266	120682.0	122807.0
-1265	120529.0	122980.0
-1264	121154.0	123163.0
-1263	121042.0	122733.0
-1262	120736.0	122824.0
-1261	120669.0	123030.0
-1260	121193.0	122860.0
-1259	120816.0	123019.0
-1258	120858.0	123090.0
-1257	121192.0	122789.0
-1256	120734.0	122943.0
-1255	120658.0	123227.0
-1254	121257.0	123068.0
-1253	121232.0	122781.0
-1252	121006.0	122822.0
-1251	121094.0	122812.0
-1250	120964.0	123013.0
-1249	121029.0	123353.0
-1248	121036.0	123067.0
-1247	120667.0	123042.0
-1246	120933.0	123063.0
-1245	121382.0	123680.0
-1244	120995.0	122959.0
-1243	121296.0	123182.0
-1242	121315.0	122880.0
-1241	120517.0	123002.0
-1240	120813.0	123136.0
-1239	121059.0	123153.0
-1238	120719.0	123258.0
-1237	121039.0	122771.0
-1236	121477.0	123214.0
-1235	121287.0	123231.0
-1234	120836.0	123026.0
-1233	120998.0	123114.0
-1232	121115.0	123175.0
-1231	121106.0	123316.0
-1230	121396.0	123454.0
-1229	120782.0	122810.0
-1228	121104.0	122902.0
-1227	121229.0	123516.0
-1226	120856.0	122944.0
-1225	121017.0	123362.0
-1224	121340.0	123348.0
-1223	120972.0	122855.0
-1222	121075.0	123153.0
-1221	121501.0	123496.0
-1220	120969.0	122867.0
-1219	121124.0	123347.0
-1218	121195.0	123333.0
-1217	121140.0	123094.0
-1216	120871.0	123698.0
-1215	121265.0	123116.0
-1214	121427.0	122732.0
-1213	121156.0	122991.0
-1212	120975.0	123310.0
-1211	121052.0	123368.0
-1210	121096.0	123296.0
-1209	121672.0	123286.0
-1208	121213.0	123164.0
-1207	120765.0	123466.0
-1206	121291.0	123361.0
-1205	121470.0	123205.0
-1204	121327.0	123231.0
-1203	121383.0	123023.0
-1202	120999.0	122810.0
-1201	120922.0	122889.0
-1200	121449.0	123395.0
-1199	121144.0	123095.0
-1198	121176.0	123764.0
-1197	121315.0	123224.0
-1196	121167.0	123312.0
-1195	121259.0	123190.0
-1194	121389.0	123236.0
-1193	121553.0	122822.0
-1192	121147.0	123300.0
-1191	121577.0	123389.0
-1190	121155.0	123061.0
-1189	120891.0	123306.0
-1188	121755.0	123249.0
-1187	121250.0	122978.0
-1186	121113.0	123628.0
-1185	121728.0	123117.0
-1184	121046.0	122891.0
-1183	120867.0	123024.0
-1182	121585.0	123322.0
-1181	121099.0	123268.0
-1180	121321.0	123635.0
-1179	121567.0	123072.0
-1178	121176.0	122882.0
-1177	121365.0	123461.0
-1176	121536.0	123554.0
-1175	121310.0	123130.0
-1174	121384.0	123134.0
-1173	121461.0	123488.0
-1172	121190.0	123094.0
-1171	121097.0	123173.0
-1170	121714.0	123384.0
-1169	121411.0	122609.0
-1168	121125.0	123429.0
-1167	121595.0	123705.0
-1166	121347.0	122999.0
-1165	121513.0	123198.0
-1164	121577.0	123772.0
-1163	121312.0	123158.0
-1162	121204.0	123139.0
-1161	121469.0	123412.0
-1160	121367.0	123167.0
-1159	121606.0	122934.0
-1158	121739.0	123410.0
-1157	121298.0	123002.0
-1156	121132.0	123339.0
-1155	121731.0	123250.0
-1154	121478.0	123031.0
-1153	121128.0	123495.0
-1152	121804.0	123389.0
-1151	121480.0	123338.0
-1150	121609.0	123066.0
-1149	121652.0	123487.0
-1148	121593.0	123077.0
-1147	121268.0	123376.0
-1146	121919.0	123507.0
-1145	121344.0	123474.0
-1144	121352.0	123273.0
-1143	121768.0	123219.0
-1142	121162.0	123181.0
-1141	121470.0	123371.0
-1140	121480.0	123241.0
-1139	121330.0	123141.0
-1138	121122.0	123245.0
-1137	121537.0	123465.0
-1136	121686.0	123097.0
-1135	121354.0	123025.0
-1134	121585.0	123230.0
-1133	120965.0	123046.0
-1132	121430.0	123186.0
-1131	121796.0	123291.0
-1130	120956.0	123021.0
-1129	121320.0	123376.0
-1128	121554.0	123273.0
-1127	121323.0	122852.0
-1126	121478.0	123081.0
-1125	121821.0	122978.0
-1124	121709.0	122906.0
-1123	121435.0	123168.0
-1122	121538.0	123199.0
-1121	121205.0	122862.0
-1120	121083.0	122891.0
-1119	121635.0	123039.0
-1118	121560.0	122573.0
-1117	121036.0	122907.0
-1116	121809.0	122980.0
-1115	121460.0	122769.0
-1114	121389.0	123308.0
-1113	121853.0	122919.0
-1112	121230.0	122560.0
-1111	121017.0	122951.0
-1110	121642.0	123253.0
-1109	121259.0	122789.0
-1108	121034.0	123002.0
-1107	121499.0	122885.0
-1106	121339.0	122882.0
-1105	121025.0	122555.0
-1104	121566.0	122588.0
-1103	121298.0	122868.0
-1102	121127.0	122900.0
-1101	121940.0	123098.0
-1100	121226.0	122881.0
-1099	121134.0	123061.0
-1098	121322.0	123011.0
-1097	121220.0	122571.0
-1096	120758.0	123018.0
-1095	121358.0	122748.0
-1094	121346.0	122685.0
-1093	120965.0	122939.0
-1092	121186.0	122973.0
-1091	120993.0	122728.0
-1090	121230.0	123102.0
-1089	121544.0	122527.0
-1088	121126.0	122679.0
-1087	121049.0	123229.0
-1086	121516.0	122774.0
-1085	121169.0	122536.0
-1084	121207.0	122999.0
-1083	121284.0	122974.0
-1082	121305.0	122712.0
-1081	120513.0	123144.0
-1080	121413.0	122853.0
-1079	121388.0	122454.0
-1078	120980.0	122913.0
-1077	121554.0	122919.0
-1076	120613.0	122329.0
-1075	120950.0	122842.0
-1074	121167.0	122478.0
-1073	121203.0	121952.0
-1072	120891.0	123057.0
-1071	121508.0	122645.0
-1070	121041.0	122332.0
-1069	120972.0	123150.0
-1068	121408.0	123070.0
-1067	121286.0	122501.0
-1066	120959.0	122994.0
-1065	121317.0	122583.0
-1064	120909.0	122846.0
-1063	120815.0	123072.0
-1062	121591.0	122513.0
-1061	121221.0	122909.0
-1060	120971.0	123020.0
-1059	121480.0	122980.0
-1058	121099.0	122635.0
-1057	120844.0	123240.0
-1056	121526.0	122477.0
-1055	120914.0	122576.0
-1054	120759.0	122639.0
-1053	121368.0	122692.0
-1052	120695.0	122466.0
-1051	120842.0	122690.0
-1050	121194.0	122948.0
-1049	121138.0	122814.0
-1048	120915.0	122837.0
-1047	121095.0	122839.0
-1046	121200.0	122512.0
-1045	120687.0	123045.0
-1044	121337.0	123100.0
-1043	121069.0	122954.0
-1042	121087.0	123017.0
-1041	121221.0	122945.0
-1040	120813.0	122604.0
-1039	120692.0	123049.0
-1038	121359.0	123006.0
-1037	121058.0	122593.0
-1036	120819.0	122854.0
-1035	121399.0	122916.0
-1034	120875.0	123107.0
-1033	121016.0	123256.0
-1032	121186.0	122448.0
-1031	120617.0	122810.0
-1030	121405.0	123063.0
-1029	121448.0	122898.0
-1028	121307.0	122539.0
-1027	120705.0	122656.0
-1026	121074.0	123068.0
-1025	120795.0	122812.0
-1024	121059.0	122898.0
-1023	121430.0	122837.0
-1022	121136.0	122478.0
-1021	120787.0	123051.0
-1020	121373.0	123465.0
-1019	120898.0	123013.0
-1018	120646.0	123301.0
-1017	121812.0	123088.0
-1016	121148.0	122526.0
-1015	121120.0	122984.0
-1014	121054.0	122934.0
-1013	121337.0	122675.0
-1012	120993.0	122899.0
-1011	121007.0	123062.0
-1010	121065.0	122565.0
-1009	120945.0	123160.0
-1008	121414.0	123089.0
-1007	120862.0	123120.0
-1006	120876.0	123316.0
-1005	121306.0	123223.0
-1004	121247.0	123112.0
-1003	120891.0	123269.0
-1002	121263.0	123368.0
-1001	121038.0	123109.0
-1000	120975.0	123306.0
-999	121441.0	123336.0
-998	121402.0	122868.0
-997	121092.0	123155.0
-996	121436.0	123150.0
-995	120893.0	122904.0
-994	121333.0	123551.0
-993	121510.0	123048.0
-992	121306.0	122943.0
-991	120987.0	123512.0
-990	121649.0	123542.0
-989	121273.0	123033.0
-988	121211.0	123139.0
-987	121606.0	123365.0
-986	121463.0	123274.0
-985	121311.0	123502.0
-984	121659.0	123368.0
-983	121423.0	123126.0
-982	121251.0	123209.0
-981	121669.0	123250.0
-980	121554.0	123523.0
-979	121395.0	123251.0
-978	121572.0	123264.0
-977	121824.0	123200.0
-976	121472.0	123278.0
-975	121966.0	123362.0
-974	121658.0	123240.0
-973	121218.0	123649.0
-972	121811.0	123557.0
-971	121553.0	123414.0
-970	121308.0	123259.0
-969	121661.0	123537.0
-968	121488.0	122947.0
-967	121129.0	123555.0
-966	121729.0	123601.0
-965	121766.0	123168.0
-964	121321.0	123659.0
-963	121880.0	123348.0
-962	121392.0	123288.0
-961	121288.0	123676.0
-960	122061.0	123717.0
-959	121634.0	123311.0
-958	121559.0	123567.0
-957	121861.0	123571.0
-956	121482.0	122850.0
-955	121505.0	123746.0
-954	122393.0	123308.0
-953	121361.0	123262.0
-952	121557.0	123742.0
-951	122122.0	123686.0
-950	121748.0	123421.0
-949	121400.0	123607.0
-948	121964.0	123678.0
-947	121553.0	123389.0
-946	121723.0	123320.0
-945	121713.0	123604.0
-944	121611.0	123555.0
-943	121636.0	123905.0
-942	122218.0	123433.0
-941	121492.0	123369.0
-940	121549.0	124055.0
-939	121993.0	123422.0
-938	121797.0	124010.0
-937	121892.0	123662.0
-936	122078.0	123912.0
-935	121564.0	123654.0
-934	121677.0	123734.0
-933	121932.0	123725.0
-932	121932.0	123166.0
-931	121810.0	123703.0
-930	121971.0	123783.0
-929	121831.0	123206.0
-928	121867.0	123664.0
-927	122075.0	123649.0
-926	121676.0	123514.0
-925	121730.0	123910.0
-924	122093.0	123882.0
-923	121887.0	123512.0
-922	121573.0	124064.0
-921	122227.0	123880.0
-920	121745.0	123432.0
-919	121736.0	123803.0
-918	122228.0	123683.0
-917	121710.0	123900.0
-916	121884.0	123890.0
-915	122548.0	124012.0
-914	122065.0	123708.0
-913	121777.0	123906.0
-912	122277.0	123754.0
-911	121784.0	123814.0
-910	121889.0	123792.0
-909	122199.0	123751.0
-908	121897.0	123548.0
-907	122311.0	124208.0
-906	122119.0	123823.0
-905	121917.0	123875.0
-904	121428.0	124014.0
-903	122380.0	123675.0
-902	121782.0	123337.0
-901	121857.0	124064.0
-900	122352.0	124140.0
-899	121888.0	123641.0
-898	122003.0	123903.0
-897	121926.0	124128.0
-896	122149.0	123976.0
-895	122052.0	123907.0
-894	122385.0	123841.0
-893	121917.0	123785.0
-892	122095.0	124197.0
-891	122322.0	124156.0
-890	121815.0	123704.0
-889	121776.0	124330.0
-888	122257.0	123997.0
-887	122253.0	123959.0
-886	121813.0	124350.0
-885	122580.0	124298.0
-884	122131.0	123900.0
-883	122101.0	124280.0
-882	122483.0	124101.0
-881	122259.0	123600.0
-880	121944.0	124392.0
-879	122384.0	124130.0
-878	122074.0	123858.0
-877	122360.0	124181.0
-876	122659.0	124364.0
-875	122201.0	123881.0
-874	121919.0	124016.0
-873	122763.0	124319.0
-872	122151.0	124058.0
-871	121847.0	124473.0
-870	122923.0	124089.0
-869	121974.0	123796.0
-868	121735.0	124048.0
-867	122552.0	124126.0
-866	122422.0	123561.0
-865	122255.0	124304.0
-864	122538.0	124212.0
-863	122018.0	123736.0
-862	122128.0	124387.0
-861	122621.0	124054.0
-860	122117.0	123505.0
-859	121999.0	124291.0
-858	122704.0	124074.0
-857	122058.0	123560.0
-856	122183.0	124084.0
-855	122482.0	124118.0
-854	121978.0	123662.0
-853	122128.0	123987.0
-852	122536.0	124282.0
-851	121960.0	123930.0
-850	122023.0	123935.0
-849	122436.0	124000.0
-848	122177.0	123628.0
-847	122038.0	123809.0
-846	122456.0	123854.0
-845	122124.0	123584.0
-844	122096.0	124084.0
-843	122128.0	124001.0
-842	122259.0	123727.0
-841	121995.0	124053.0
-840	122766.0	123806.0
-839	122128.0	123568.0
-838	121846.0	124101.0
-837	122804.0	123758.0
-836	122196.0	123615.0
-835	122148.0	123745.0
-834	122819.0	123982.0
-833	121991.0	123590.0
-832	121835.0	123897.0
-831	123107.0	123996.0
-830	121996.0	123883.0
-829	121587.0	124093.0
-828	122648.0	123878.0
-827	122145.0	123828.0
-826	121964.0	124065.0
-825	122297.0	123987.0
-824	121974.0	123586.0
-823	121592.0	124040.0
-822	122412.0	123833.0
-821	121959.0	123538.0
-820	121931.0	123969.0
-819	122803.0	123911.0
-818	122046.0	123437.0
-817	121831.0	124221.0
-816	122490.0	123893.0
-815	121765.0	123623.0
-814	121960.0	124136.0
-813	122383.0	123949.0
-812	121446.0	123700.0
-811	122319.0	123977.0
-810	122251.0	123694.0
-809	121744.0	123583.0
-808	122043.0	123913.0
-807	122660.0	123753.0
-806	122160.0	123351.0
-805	121674.0	123899.0
-804	122157.0	123823.0
-803	121634.0	123598.0
-802	121855.0	124108.0
-801	121810.0	123713.0
-800	121778.0	123517.0
-799	121958.0	123885.0
-798	122262.0	123764.0
-797	121780.0	123354.0
-796	121986.0	123785.0
-795	122690.0	123972.0
-794	121771.0	122992.0
-793	121675.0	123737.0
-792	122514.0	123533.0
-791	121770.0	123369.0
-790	121834.0	124009.0
-789	122371.0	123784.0
-788	121533.0	123488.0
-787	121462.0	124049.0
-786	122460.0	123422.0
-785	121603.0	123053.0
-784	122010.0	123779.0
-783	122383.0	124020.0
-782	121522.0	123107.0
-781	121508.0	124130.0
-780	122324.0	123653.0
-779	121680.0	123144.0
-778	121266.0	123954.0
-777	122394.0	124042.0
-776	121706.0	123437.0
-775	121471.0	123997.0
-774	122445.0	123756.0
-773	122067.0	123696.0
-772	121519.0	123921.0
-771	121982.0	123679.0
-770	121597.0	123257.0
-769	121672.0	124050.0
-768	122183.0	123889.0
-767	121575.0	123448.0
-766	121777.0	124157.0
-765	122322.0	123816.0
-764	121502.0	123311.0
-763	121679.0	123886.0
-762	122307.0	123481.0
-761	121435.0	123617.0
-760	121421.0	123994.0
-759	122198.0	123749.0
-758	121264.0	123403.0
-757	121725.0	123927.0
-756	122240.0	123630.0
-755	121809.0	123628.0
-754	121743.0	123589.0
-753	122239.0	123458.0
-752	121660.0	123442.0
-751	121886.0	123986.0
-750	122508.0	123894.0
-749	121368.0	123229.0
-748	121492.0	123622.0
-747	122064.0	123644.0
-746	121611.0	123410.0
-745	121574.0	124009.0
-744	122250.0	123568.0
-743	121731.0	123445.0
-742	121947.0	123828.0
-741	122288.0	123784.0
-740	121537.0	123140.0
-739	121741.0	123646.0
-738	121837.0	124123.0
-737	121601.0	123513.0
-736	121931.0	124078.0
-735	122334.0	123717.0
-734	121516.0	123292.0
-733	121397.0	123917.0
-732	122390.0	123637.0
-731	121599.0	123391.0
-730	121614.0	123934.0
-729	122273.0	123746.0
-728	121835.0	123011.0
-727	121772.0	124171.0
-726	122249.0	123941.0
-725	121874.0	123312.0
-724	121488.0	124121.0
-723	122445.0	123873.0
-722	121397.0	123256.0
-721	121767.0	124211.0
-720	122494.0	124127.0
-719	121840.0	123681.0
-718	121537.0	123776.0
-717	122620.0	123734.0
-716	121647.0	123537.0
-715	121681.0	124139.0
-714	122599.0	124011.0
-713	121876.0	123537.0
-712	121581.0	124309.0
-711	122390.0	123570.0
-710	121538.0	123327.0
-709	121657.0	124485.0
-708	122050.0	123851.0
-707	121574.0	123351.0
-706	121595.0	123999.0
-705	122605.0	124093.0
-704	121947.0	123857.0
-703	121881.0	124188.0
-702	122348.0	124057.0
-701	121792.0	123438.0
-700	121608.0	124554.0
-699	122398.0	123936.0
-698	121702.0	123783.0
-697	121996.0	123917.0
-696	122852.0	123865.0
-695	121944.0	123826.0
-694	121915.0	124161.0
-693	122525.0	124037.0
-692	121887.0	123736.0
-691	121748.0	124505.0
-690	122609.0	124111.0
-689	121582.0	124003.0
-688	121989.0	124211.0
-687	122813.0	124007.0
-686	121625.0	123934.0
-685	121898.0	124276.0
-684	122382.0	124388.0
-683	122010.0	124116.0
-682	122004.0	124116.0
-681	122656.0	124147.0
-680	122092.0	123868.0
-679	122120.0	124386.0
-678	122370.0	124507.0
-677	122336.0	124026.0
-676	122014.0	124657.0
-675	122767.0	123844.0
-674	121906.0	123999.0
-673	121919.0	124101.0
-672	122517.0	123803.0
-671	122234.0	123708.0
-670	121856.0	124424.0
-669	122669.0	124198.0
-668	122070.0	123914.0
-667	121928.0	124777.0
-666	122853.0	124157.0
-665	121986.0	124084.0
-664	121982.0	124779.0
-663	122640.0	124020.0
-662	121962.0	123579.0
-661	122013.0	124350.0
-660	122687.0	124423.0
-659	121932.0	123940.0
-658	121845.0	124155.0
-657	122868.0	124262.0
-656	122176.0	123848.0
-655	122036.0	124642.0
-654	122723.0	124542.0
-653	121931.0	123991.0
-652	121931.0	124482.0
-651	122916.0	124339.0
-650	121936.0	123967.0
-649	122184.0	124534.0
-648	122916.0	124507.0
-647	122261.0	123693.0
-646	121808.0	124724.0
-645	122888.0	124368.0
-644	122104.0	123931.0
-643	121825.0	124913.0
-642	123236.0	124356.0
-641	122005.0	123875.0
-640	122074.0	124652.0
-639	122757.0	124275.0
-638	122149.0	123761.0
-637	122332.0	124766.0
-636	123094.0	124258.0
-635	122286.0	124154.0
-634	122319.0	124664.0
-633	122976.0	124678.0
-632	122177.0	123964.0
-631	122183.0	124727.0
-630	122937.0	124229.0
-629	122168.0	124114.0
-628	122258.0	124845.0
-627	122964.0	124163.0
-626	122231.0	124029.0
-625	122133.0	124674.0
-624	123145.0	124514.0
-623	122436.0	123960.0
-622	121911.0	124798.0
-621	123059.0	124630.0
-620	122350.0	124069.0
-619	122035.0	124646.0
-618	122831.0	124318.0
-617	122133.0	124109.0
-616	122463.0	124839.0
-615	123051.0	124640.0
-614	122308.0	123763.0
-613	122176.0	124800.0
-612	122946.0	124233.0
-611	122033.0	124005.0
-610	122337.0	124922.0
-609	123303.0	124171.0
-608	122454.0	124361.0
-607	122221.0	124747.0
-606	122804.0	124282.0
-605	122277.0	124021.0
-604	122230.0	124580.0
-603	123313.0	124231.0
-602	122286.0	124188.0
-601	122360.0	124716.0
-600	122925.0	124446.0
-599	122339.0	123855.0
-598	122554.0	124482.0
-597	123179.0	124393.0
-596	122415.0	123957.0
-595	122266.0	124451.0
-594	123007.0	124485.0
-593	122460.0	124199.0
-592	122401.0	124925.0
-591	123122.0	124244.0
-590	122462.0	124060.0
-589	122631.0	124916.0
-588	123402.0	124616.0
-587	122486.0	124208.0
-586	122352.0	124978.0
-585	123380.0	124533.0
-584	122534.0	124444.0
-583	122310.0	124707.0
-582	123341.0	124694.0
-581	122816.0	124163.0
-580	122305.0	124867.0
-579	123209.0	124388.0
-578	122432.0	124586.0
-577	122550.0	124688.0
-576	123430.0	124682.0
-575	122665.0	124106.0
-574	122770.0	124588.0
-573	123216.0	124457.0
-572	122725.0	124370.0
-571	122436.0	124854.0
-570	123393.0	124290.0
-569	122600.0	124208.0
-568	122371.0	124884.0
-567	123201.0	124517.0
-566	122510.0	124173.0
-565	122396.0	124986.0
-564	123475.0	124586.0
-563	122468.0	124465.0
-562	122823.0	124820.0
-561	123330.0	124559.0
-560	122332.0	124341.0
-559	122958.0	125047.0
-558	123655.0	124568.0
-557	122444.0	124168.0
-556	122897.0	124985.0
-555	123847.0	124593.0
-554	122512.0	124589.0
-553	122564.0	125188.0
-552	123571.0	124859.0
-551	122928.0	124386.0
-550	122684.0	125535.0
-549	123541.0	124753.0
-548	122945.0	124597.0
-547	122579.0	125127.0
-546	123452.0	124645.0
-545	122804.0	124302.0
-544	122763.0	125077.0
-543	123349.0	124705.0
-542	122778.0	124480.0
-541	122582.0	125105.0
-540	123815.0	124822.0
-539	122717.0	124363.0
-538	122765.0	125192.0
-537	123580.0	124709.0
-536	122690.0	124325.0
-535	122640.0	125274.0
-534	123707.0	124726.0
-533	122432.0	124585.0
-532	122745.0	125312.0
-531	124008.0	125012.0
-530	122767.0	124601.0
-529	122665.0	125402.0
-528	123689.0	125019.0
-527	123179.0	124613.0
-526	122522.0	124976.0
-525	123616.0	124921.0
-524	122826.0	124768.0
-523	122937.0	125412.0
-522	123675.0	125139.0
-521	123000.0	124813.0
-520	122806.0	125178.0
-519	123601.0	124716.0
-518	123295.0	124476.0
-517	122748.0	125322.0
-516	124095.0	125294.0
-515	123187.0	124219.0
-514	122746.0	125862.0
-513	123967.0	125201.0
-512	122876.0	124380.0
-511	123240.0	125205.0
-510	123865.0	124966.0
-509	122962.0	125167.0
-508	122801.0	125352.0
-507	123813.0	125067.0
-506	122884.0	124698.0
-505	123041.0	125657.0
-504	123749.0	125286.0
-503	123201.0	124581.0
-502	122839.0	125224.0
-501	123926.0	124906.0
-500	122993.0	124788.0
-499	122939.0	125498.0
-498	123839.0	125008.0
-497	122805.0	124744.0
-496	122824.0	125720.0
-495	124013.0	125256.0
-494	123145.0	124758.0
-493	123088.0	125820.0
-492	123808.0	125010.0
-491	123137.0	124591.0
-490	122973.0	125430.0
-489	124128.0	125333.0
-488	123063.0	124926.0
-487	123151.0	125579.0
-486	123930.0	125330.0
-485	122817.0	125131.0
-484	123324.0	125591.0
-483	123955.0	125408.0
-482	123169.0	125057.0
-481	123285.0	125948.0
-480	124079.0	125360.0
-479	123179.0	125252.0
-478	123298.0	125854.0
-477	124117.0	125221.0
-476	123111.0	124818.0
-475	123331.0	125792.0
-474	124230.0	125108.0
-473	123265.0	124871.0
-472	123409.0	125800.0
-471	124307.0	125494.0
-470	123243.0	124746.0
-469	123397.0	126022.0
-468	124347.0	125230.0
-467	123456.0	124963.0
-466	123252.0	125691.0
-465	124190.0	125792.0
-464	123396.0	124964.0
-463	123370.0	126112.0
-462	124262.0	125563.0
-461	123097.0	124820.0
-460	123488.0	125830.0
-459	124511.0	125823.0
-458	123017.0	125142.0
-457	123492.0	125729.0
-456	124332.0	125581.0
-455	123370.0	125060.0
-454	123327.0	125885.0
-453	124701.0	125401.0
-452	123214.0	125123.0
-451	123696.0	125810.0
-450	124401.0	125799.0
-449	123338.0	125213.0
-448	123559.0	125925.0
-447	124427.0	125369.0
-446	123616.0	125051.0
-445	123418.0	126063.0
-444	124368.0	125483.0
-443	123303.0	125416.0
-442	123970.0	125724.0
-441	124355.0	125922.0
-440	123902.0	125033.0
-439	123827.0	125956.0
-438	124417.0	125950.0
-437	123696.0	125348.0
-436	123418.0	126345.0
-435	124490.0	125637.0
-434	123511.0	125287.0
-433	123526.0	126251.0
-432	124343.0	125597.0
-431	123387.0	125493.0
-430	123561.0	126428.0
-429	124369.0	125842.0
-428	123607.0	125392.0
-427	123530.0	126374.0
-426	124867.0	125988.0
-425	123504.0	125201.0
-424	123538.0	126097.0
-423	124651.0	126082.0
-422	123722.0	125764.0
-421	123675.0	126244.0
-420	124359.0	125709.0
-419	123775.0	125492.0
-418	123203.0	126519.0
-417	124834.0	125936.0
-416	123677.0	125413.0
-415	123612.0	126024.0
-414	124657.0	126141.0
-413	124036.0	125222.0
-412	123701.0	126499.0
-411	124583.0	125793.0
-410	123695.0	125534.0
-409	123520.0	126454.0
-408	124820.0	125939.0
-407	123669.0	125383.0
-406	123604.0	126496.0
-405	125072.0	125928.0
-404	123795.0	125465.0
-403	123901.0	126480.0
-402	124851.0	126274.0
-401	123774.0	125862.0
-400	123542.0	126835.0
-399	124975.0	126148.0
-398	124057.0	125737.0
-397	123737.0	126515.0
-396	124982.0	126293.0
-395	123743.0	125640.0
-394	124275.0	126452.0
-393	124992.0	126362.0
-392	123889.0	125845.0
-391	123885.0	126960.0
-390	125120.0	126306.0
-389	124022.0	125530.0
-388	123876.0	126701.0
-387	125206.0	126251.0
-386	123770.0	125493.0
-385	123914.0	126774.0
-384	125026.0	126387.0
-383	124044.0	125917.0
-382	124056.0	126734.0
-381	124942.0	126179.0
-380	124232.0	125724.0
-379	124129.0	126792.0
-378	124866.0	126261.0
-377	124014.0	125991.0
-376	124137.0	126793.0
-375	125163.0	126591.0
-374	124071.0	125818.0
-373	124107.0	126901.0
-372	125120.0	126129.0
-371	123901.0	125853.0
-370	123871.0	127290.0
-369	125549.0	126764.0
-368	124447.0	125885.0
-367	124191.0	126923.0
-366	124664.0	126283.0
-365	124031.0	125812.0
-364	124392.0	127054.0
-363	125301.0	126631.0
-362	124264.0	126205.0
-361	124462.0	126943.0
-360	125073.0	126398.0
-359	124042.0	125934.0
-358	124130.0	127288.0
-357	125365.0	126427.0
-356	124343.0	126291.0
-355	124134.0	127180.0
-354	125504.0	126558.0
-353	124314.0	125922.0
-352	124316.0	127130.0
-351	125506.0	126810.0
-350	124439.0	125899.0
-349	124221.0	127119.0
-348	125309.0	126530.0
-347	124392.0	126253.0
-346	124499.0	126961.0
-345	125256.0	126942.0
-344	124459.0	126003.0
-343	124535.0	127220.0
-342	125642.0	126684.0
-341	124276.0	126436.0
-340	124523.0	127271.0
-339	125353.0	126571.0
-338	124369.0	126289.0
-337	124653.0	127080.0
-336	125663.0	126924.0
-335	124254.0	126083.0
-334	124494.0	127011.0
-333	125669.0	126798.0
-332	124612.0	126234.0
-331	124605.0	126937.0
-330	125519.0	126946.0
-329	124707.0	126866.0
-328	124603.0	127528.0
-327	125751.0	127226.0
-326	124735.0	126274.0
-325	124676.0	127498.0
-324	125974.0	126924.0
-323	124674.0	126140.0
-322	124384.0	127193.0
-321	125909.0	126948.0
-320	124747.0	126430.0
-319	124482.0	127416.0
-318	125896.0	126961.0
-317	124715.0	126415.0
-316	124692.0	127729.0
-315	125704.0	127105.0
-314	125034.0	126657.0
-313	124464.0	127449.0
-312	125572.0	127390.0
-311	124769.0	126374.0
-310	125026.0	127476.0
-309	125951.0	126965.0
-308	124973.0	126499.0
-307	124728.0	127403.0
-306	126281.0	127100.0
-305	124806.0	126366.0
-304	124847.0	127693.0
-303	126355.0	126987.0
-302	124786.0	127005.0
-301	124678.0	127716.0
-300	125931.0	127074.0
-299	124751.0	126574.0
-298	125078.0	127653.0
-297	126009.0	127167.0
-296	124609.0	126830.0
-295	124910.0	127788.0
-294	126220.0	127145.0
-293	124948.0	126571.0
-292	124902.0	127447.0
-291	126201.0	127576.0
-290	124988.0	126542.0
-289	125010.0	127797.0
-288	126466.0	126979.0
-287	124938.0	126285.0
-286	125125.0	127540.0
-285	126320.0	127222.0
-284	124843.0	126727.0
-283	124945.0	127606.0
-282	125859.0	127043.0
-281	125182.0	126831.0
-280	125093.0	127521.0
-279	125927.0	127363.0
-278	125104.0	126724.0
-277	124849.0	127921.0
-276	126352.0	127183.0
-275	125196.0	126855.0
-274	124902.0	127626.0
-273	126433.0	126919.0
-272	124821.0	126633.0
-271	124710.0	128495.0
-270	126491.0	127069.0
-269	125116.0	127096.0
-268	125113.0	127790.0
-267	126192.0	127220.0
-266	124840.0	126935.0
-265	125057.0	128288.0
-264	126830.0	127348.0
-263	125392.0	126731.0
-262	124945.0	127921.0
-261	126207.0	127819.0
-260	125182.0	126749.0
-259	124892.0	127983.0
-258	126496.0	127960.0
-257	125069.0	126926.0
-256	124915.0	127911.0
-255	126209.0	127899.0
-254	125061.0	127012.0
-253	125276.0	128014.0
-252	126489.0	127401.0
-251	125243.0	127122.0
-250	125269.0	128252.0
-249	126722.0	127413.0
-248	125056.0	126918.0
-247	125145.0	128285.0
-246	126422.0	127739.0
-245	125108.0	127059.0
-244	125221.0	128290.0
-243	126597.0	127947.0
-242	125528.0	127370.0
-241	125375.0	128338.0
-240	126959.0	127993.0
-239	125572.0	127428.0
-238	125619.0	128579.0
-237	126808.0	128138.0
-236	125599.0	127203.0
-235	125643.0	128371.0
-234	126371.0	128141.0
-233	125346.0	127706.0
-232	125541.0	128735.0
-231	126869.0	128126.0
-230	125598.0	127517.0
-229	125157.0	128600.0
-228	126804.0	128227.0
-227	125646.0	127741.0
-226	125919.0	128769.0
-225	127148.0	128070.0
-224	125523.0	127628.0
-223	125265.0	128834.0
-222	127029.0	128181.0
-221	125550.0	127654.0
-220	125542.0	128776.0
-219	126959.0	128483.0
-218	126052.0	127795.0
-217	125638.0	128694.0
-216	127178.0	128599.0
-215	126203.0	127954.0
-214	125494.0	128841.0
-213	126816.0	128634.0
-212	125723.0	128005.0
-211	125954.0	129020.0
-210	127122.0	128370.0
-209	125946.0	128107.0
-208	125809.0	129350.0
-207	127319.0	128674.0
-206	125604.0	128015.0
-205	126237.0	129313.0
-204	127332.0	128938.0
-203	125745.0	128506.0
-202	126186.0	129741.0
-201	127161.0	128744.0
-200	126058.0	128258.0
-199	126203.0	129502.0
-198	127419.0	129455.0
-197	126156.0	128294.0
-196	126064.0	129576.0
-195	127468.0	129186.0
-194	126321.0	128628.0
-193	126218.0	129881.0
-192	127936.0	129125.0
-191	126561.0	128452.0
-190	126368.0	129601.0
-189	127558.0	129519.0
-188	126415.0	128331.0
-187	126099.0	129796.0
-186	128041.0	129238.0
-185	126540.0	128493.0
-184	126554.0	130112.0
-183	127859.0	129449.0
-182	126565.0	128637.0
-181	126677.0	129688.0
-180	127992.0	129466.0
-179	126841.0	128869.0
-178	126531.0	130214.0
-177	128205.0	129661.0
-176	126742.0	129072.0
-175	126467.0	129893.0
-174	127866.0	129345.0
-173	126701.0	128782.0
-172	126605.0	130419.0
-171	128039.0	129654.0
-170	126923.0	129239.0
-169	126934.0	130401.0
-168	127957.0	129603.0
-167	126880.0	129312.0
-166	127082.0	130770.0
-165	128211.0	129890.0
-164	126574.0	129320.0
-163	127058.0	130782.0
-162	128226.0	129649.0
-161	126746.0	129483.0
-160	126688.0	130735.0
-159	128596.0	130106.0
-158	127014.0	129511.0
-157	126915.0	130936.0
-156	128642.0	129868.0
-155	127203.0	129538.0
-154	126985.0	131520.0
-153	128604.0	130536.0
-152	126817.0	129890.0
-151	127129.0	131409.0
-150	128853.0	130577.0
-149	127302.0	130285.0
-148	127267.0	131120.0
-147	128472.0	130811.0
-146	127395.0	130225.0
-145	127430.0	132028.0
-144	129163.0	131169.0
-143	127538.0	130770.0
-142	127886.0	131501.0
-141	129149.0	131104.0
-140	127558.0	130967.0
-139	127835.0	132216.0
-138	129391.0	131661.0
-137	128012.0	131085.0
-136	128031.0	132380.0
-135	129667.0	131845.0
-134	128173.0	131530.0
-133	128342.0	132815.0
-132	129779.0	131724.0
-131	128326.0	131459.0
-130	128431.0	133193.0
-129	130007.0	132604.0
-128	128716.0	131953.0
-127	128728.0	133258.0
-126	130430.0	132794.0
-125	129294.0	132229.0
-124	129215.0	133364.0
-123	130829.0	133130.0
-122	129128.0	132642.0
-121	129224.0	133823.0
-120	130655.0	133247.0
-119	129740.0	132675.0
-118	129474.0	134427.0
-117	130871.0	133676.0
-116	129546.0	133345.0
-115	129407.0	134617.0
-114	131671.0	133771.0
-113	129952.0	133489.0
-112	130311.0	134905.0
-111	131877.0	134650.0
-110	130472.0	134138.0
-109	130223.0	135182.0
-108	132207.0	134644.0
-107	130735.0	134223.0
-106	130923.0	135787.0
-105	132451.0	135421.0
-104	131000.0	134968.0
-103	131133.0	135674.0
-102	133137.0	135864.0
-101	131706.0	135049.0
-100	131927.0	136349.0
-99	133391.0	136094.0
-98	131488.0	135584.0
-97	131703.0	137270.0
-96	133459.0	136377.0
-95	131817.0	135777.0
-94	132066.0	137336.0
-93	133993.0	136995.0
-92	132726.0	136232.0
-91	132636.0	137925.0
-90	134065.0	137552.0
-89	132949.0	137109.0
-88	132950.0	138504.0
-87	134546.0	138101.0
-86	133316.0	137512.0
-85	133164.0	138798.0
-84	135190.0	138611.0
-83	133994.0	138130.0
-82	134115.0	139115.0
-81	135782.0	138989.0
-80	134529.0	138577.0
-79	134984.0	139847.0
-78	136331.0	139366.0
-77	134523.0	139143.0
-76	136427.0	140605.0
-75	134478.0	139650.0
-74	133660.0	139645.0
-73	135279.0	140989.0
-72	135803.0	140721.0
-71	135229.0	139697.0
-70	135856.0	141422.0
-69	137366.0	141289.0
-68	136688.0	140521.0
-67	137638.0	142041.0
-66	138869.0	141979.0
-65	136746.0	140967.0
-64	136899.0	142644.0
-63	138469.0	142512.0
-62	137122.0	141238.0
-61	137114.0	143377.0
-60	138792.0	142936.0
-59	137698.0	142270.0
-58	137783.0	144143.0
-57	139983.0	143404.0
-56	138289.0	142680.0
-55	138400.0	144394.0
-54	140353.0	143747.0
-53	138677.0	143299.0
-52	138869.0	144735.0
-51	140745.0	144434.0
-50	139204.0	144187.0
-49	139896.0	145745.0
-48	140964.0	145040.0
-47	139752.0	144726.0
-46	139984.0	146301.0
-45	142337.0	145585.0
-44	140689.0	144893.0
-43	140509.0	146924.0
-42	142415.0	146276.0
-41	140766.0	145938.0
-40	141185.0	147649.0
-39	142808.0	147108.0
-38	141659.0	146366.0
-37	141724.0	148300.0
-36	143820.0	147535.0
-35	142276.0	146959.0
-34	142813.0	148613.0
-33	144614.0	148171.0
-32	142853.0	147351.0
-31	143558.0	148915.0
-30	144449.0	148799.0
-29	143411.0	148286.0
-28	143196.0	149618.0
-27	145185.0	149528.0
-26	143979.0	148541.0
-25	143938.0	150507.0
-24	146226.0	149577.0
-23	144591.0	148960.0
-22	144687.0	150518.0
-21	147079.0	150015.0
-20	145202.0	149291.0
-19	145405.0	150353.0
-18	147144.0	150239.0
-17	145724.0	149578.0
-16	145940.0	151022.0
-15	147971.0	150599.0
-14	146299.0	149874.0
-13	146802.0	151028.0
-12	148936.0	150000.0
-11	147210.0	148995.0
-10	146805.0	151081.0
-9	148580.0	149321.0
-8	147469.0	149324.0
-7	146965.0	149908.0
-6	148690.0	149797.0
-5	146639.0	148721.0
-4	146823.0	152225.0
-3	149918.0	149745.0
-2	142172.0	144274.0
-1	145766.0	165355.0
0	5178.0	140595.0
1	150202.0	140644.0
2	147643.0	146751.0
3	154515.0	146514.0
4	151969.0	147908.0
5	151370.0	149473.0
6	153296.0	147610.0
7	151541.0	147042.0
8	151761.0	148618.0
9	153760.0	147373.0
10	151526.0	146101.0
11	151696.0	147284.0
12	153621.0	146693.0
13	151525.0	145207.0
14	151511.0	146517.0
15	152796.0	145685.0
16	150530.0	145018.0
17	150385.0	146312.0
18	151894.0	145448.0
19	149971.0	144783.0
20	149750.0	145816.0
21	151784.0	144713.0
22	149543.0	143537.0
23	149179.0	144927.0
24	151174.0	143755.0
25	148558.0	142980.0
26	148372.0	144635.0
27	149859.0	143764.0
28	147790.0	142926.0
29	148065.0	144197.0
30	149666.0	143150.0
31	147509.0	142311.0
32	147305.0	143530.0
33	149157.0	142416.0
34	147196.0	141449.0
35	146883.0	142537.0
36	148266.0	141848.0
37	146204.0	140887.0
38	145666.0	142320.0
39	147963.0	141489.0
40	145372.0	140300.0
41	145217.0	142283.0
42	147136.0	141223.0
43	144925.0	140040.0
44	144847.0	141620.0
45	146908.0	140404.0
46	144565.0	139396.0
47	144262.0	140750.0
48	145797.0	140262.0
49	144208.0	139304.0
50	143740.0	140586.0
51	145170.0	139658.0
52	143263.0	138813.0
53	143056.0	139873.0
54	144897.0	138895.0
55	142866.0	137746.0
56	142753.0	138887.0
57	144596.0	138268.0
58	142366.0	137552.0
59	141888.0	139126.0
60	143011.0	138632.0
61	141127.0	137676.0
62	141263.0	139215.0
63	143276.0	138477.0
64	141594.0	137755.0
65	141401.0	138966.0
66	142923.0	138287.0
67	141743.0	134612.0
68	141077.0	134410.0
69	141805.0	134803.0
70	140333.0	132073.0
71	139616.0	135473.0
72	140837.0	146527.0
73	139685.0	136623.0
74	137744.0	124419.0
75	138806.0	136996.0
76	140216.0	138439.0
77	138490.0	135266.0
78	140434.0	134617.0
79	139796.0	133272.0
80	139248.0	134983.0
81	140216.0	133980.0
82	138113.0	132768.0
83	138004.0	134438.0
84	139259.0	134400.0
85	137640.0	133182.0
86	137869.0	134642.0
87	138753.0	134038.0
88	137456.0	133436.0
89	137449.0	134273.0
90	138763.0	133460.0
91	136778.0	132578.0
92	136547.0	134182.0
93	138878.0	133230.0
94	136198.0	132468.0
95	135957.0	133790.0
96	137878.0	133595.0
97	136179.0	132318.0
98	136124.0	133263.0
99	137303.0	132920.0
100	136127.0	131581.0
101	135648.0	133103.0
102	136873.0	131927.0
103	135504.0	131439.0
104	135136.0	132325.0
105	136780.0	131468.0
106	134868.0	130971.0
107	134805.0	132040.0
108	136307.0	131919.0
109	134712.0	131119.0
110	134635.0	132539.0
111	136247.0	131850.0
112	134256.0	130628.0
113	134630.0	131874.0
114	135998.0	130437.0
115	133890.0	130258.0
116	134028.0	131520.0
117	135327.0	131121.0
118	133795.0	129802.0
119	133636.0	130894.0
120	135289.0	130383.0
121	133579.0	129360.0
122	133631.0	130871.0
123	134792.0	130073.0
124	133112.0	129188.0
125	133416.0	130564.0
126	134436.0	130119.0
127	132773.0	129156.0
128	132772.0	130969.0
129	134072.0	130602.0
130	132781.0	129592.0
131	132998.0	130659.0
132	133974.0	129801.0
133	132665.0	129020.0
134	132221.0	129630.0
135	133744.0	128981.0
136	132319.0	127893.0
137	131962.0	128425.0
138	133571.0	128266.0
139	132174.0	127396.0
140	131622.0	128598.0
141	133339.0	129386.0
142	131716.0	130164.0
143	131814.0	131291.0
144	133061.0	130397.0
145	131732.0	127765.0
146	131245.0	127786.0
147	133271.0	128304.0
148	131633.0	126510.0
149	131174.0	128121.0
150	132777.0	126682.0
151	131280.0	128359.0
152	131049.0	129851.0
153	132617.0	129834.0
154	130961.0	129053.0
155	131089.0	130628.0
156	132505.0	129888.0
157	131259.0	129366.0
158	131111.0	130213.0
159	132608.0	129570.0
160	131187.0	128619.0
161	131047.0	129948.0
162	132811.0	129558.0
163	130989.0	128516.0
164	130744.0	129827.0
165	132808.0	129898.0
166	130875.0	128609.0
167	131135.0	129839.0
168	132151.0	129051.0
169	130848.0	128564.0
170	131089.0	129374.0
171	132408.0	129072.0
172	130789.0	128017.0
173	130880.0	129558.0
174	132108.0	129132.0
175	130836.0	128182.0
176	130995.0	129466.0
177	132268.0	129046.0
178	130815.0	128222.0
179	130722.0	129647.0
180	132077.0	128909.0
181	130748.0	127728.0
182	130908.0	129291.0
183	132538.0	128634.0
184	130600.0	127981.0
185	130602.0	129301.0
186	132434.0	128888.0
187	130671.0	128033.0
188	130521.0	129277.0
189	132378.0	128591.0
190	130206.0	127778.0
191	130676.0	129089.0
192	131863.0	128261.0
193	130611.0	127472.0
194	130480.0	128901.0
195	131944.0	128399.0
196	130699.0	127678.0
197	130451.0	128805.0
198	131734.0	128712.0
199	130483.0	127370.0
200	130219.0	129033.0
201	132082.0	128324.0
202	130427.0	127338.0
203	130028.0	128653.0
204	131663.0	128303.0
205	130056.0	127256.0
206	129830.0	128878.0
207	131825.0	127993.0
208	130131.0	127598.0
209	129875.0	128347.0
210	131125.0	127804.0
211	129809.0	127629.0
212	129986.0	128464.0
213	131203.0	127737.0
214	130128.0	127160.0
215	130009.0	128417.0
216	130914.0	128050.0
217	129486.0	127456.0
218	129644.0	128486.0
219	131051.0	128142.0
220	129710.0	127546.0
221	129922.0	128302.0
222	131243.0	128011.0
223	129519.0	127057.0
224	129641.0	128522.0
225	131243.0	128212.0
226	129586.0	127097.0
227	129396.0	128319.0
228	131139.0	127921.0
229	129732.0	126995.0
230	129555.0	128414.0
231	130961.0	127594.0
232	129545.0	126889.0
233	129533.0	127940.0
234	130723.0	127601.0
235	129530.0	127097.0
236	129411.0	128277.0
237	130374.0	127449.0
238	129437.0	127254.0
239	129319.0	128320.0
240	130952.0	127516.0
241	129445.0	126696.0
242	129476.0	128211.0
243	130635.0	127623.0
244	129210.0	126945.0
245	129206.0	127757.0
246	130487.0	128037.0
247	129283.0	126677.0
248	129209.0	128000.0
249	130930.0	127687.0
250	129200.0	126981.0
251	129220.0	127853.0
252	130438.0	127719.0
253	129245.0	126697.0
254	128991.0	127944.0
255	130415.0	127363.0
256	128877.0	126671.0
257	128946.0	127981.0
258	130434.0	127565.0
259	129180.0	126545.0
260	129354.0	127757.0
261	130473.0	127545.0
262	129033.0	126622.0
263	129054.0	127914.0
264	130173.0	127666.0
265	129198.0	126471.0
266	128737.0	127812.0
267	130248.0	127645.0
268	129280.0	126777.0
269	129065.0	127381.0
270	130464.0	126982.0
271	128937.0	126503.0
272	129169.0	127445.0
273	130235.0	127100.0
274	129002.0	126741.0
275	128920.0	127837.0
276	130088.0	127206.0
277	128673.0	126614.0
278	128619.0	127615.0
279	130034.0	127359.0
280	128861.0	126536.0
281	128832.0	127300.0
282	129959.0	127190.0
283	128675.0	126749.0
284	129060.0	127897.0
285	129980.0	127208.0
286	129073.0	125946.0
287	128746.0	127647.0
288	129940.0	127340.0
289	128640.0	126211.0
290	128700.0	127715.0
291	129651.0	127099.0
292	128587.0	126361.0
293	128904.0	127599.0
294	129744.0	127155.0
295	128820.0	126373.0
296	128704.0	127259.0
297	129907.0	127229.0
298	129104.0	126242.0
299	128876.0	127543.0
300	130057.0	127100.0
301	128837.0	126052.0
302	128588.0	127735.0
303	130084.0	127328.0
304	128444.0	126268.0
305	128549.0	127487.0
306	129667.0	127098.0
307	129010.0	126139.0
308	128684.0	127348.0
309	129823.0	127129.0
310	128716.0	126071.0
311	128696.0	127271.0
312	129759.0	126670.0
313	128552.0	126310.0
314	128916.0	127329.0
315	129738.0	126772.0
316	128622.0	126076.0
317	128597.0	127487.0
318	129868.0	126995.0
319	128349.0	126302.0
320	128484.0	127179.0
321	129734.0	126478.0
322	128436.0	125982.0
323	128601.0	127084.0
324	129902.0	126781.0
325	128585.0	126200.0
326	128853.0	127042.0
327	129535.0	126722.0
328	128976.0	125943.0
329	128351.0	127179.0
330	129812.0	126784.0
331	128301.0	125768.0
332	128325.0	127032.0
333	129370.0	126559.0
334	128447.0	126025.0
335	128749.0	127141.0
336	129480.0	126624.0
337	128523.0	125831.0
338	128476.0	126948.0
339	129398.0	126624.0
340	128360.0	126181.0
341	128385.0	126920.0
342	129473.0	126909.0
343	128216.0	125624.0
344	128304.0	126918.0
345	129632.0	126795.0
346	128500.0	125888.0
347	128338.0	126820.0
348	129290.0	126229.0
349	128458.0	125866.0
350	128619.0	127222.0
351	129454.0	126494.0
352	128145.0	125841.0
353	128221.0	127103.0
354	129341.0	126379.0
355	128358.0	125687.0
356	128576.0	126800.0
357	129379.0	126187.0
358	127768.0	126093.0
359	128068.0	127203.0
360	129424.0	126416.0
361	128282.0	125965.0
362	128529.0	126679.0
363	129580.0	126401.0
364	127965.0	125726.0
365	128216.0	126662.0
366	129206.0	126327.0
367	128021.0	125738.0
368	128014.0	126763.0
369	129120.0	126369.0
370	127990.0	126071.0
371	127794.0	126770.0
372	129030.0	126196.0
373	128181.0	126021.0
374	128135.0	126700.0
375	129040.0	126247.0
376	127857.0	125495.0
377	128284.0	126399.0
378	128789.0	126190.0
379	127929.0	125868.0
380	127757.0	126678.0
381	129296.0	126408.0
382	128074.0	125744.0
383	127613.0	126603.0
384	128874.0	126213.0
385	128182.0	125737.0
386	128074.0	126828.0
387	128834.0	126387.0
388	127795.0	125378.0
389	127919.0	126802.0
390	129214.0	126295.0
391	127861.0	125742.0
392	128013.0	126634.0
393	128663.0	126395.0
394	127884.0	125363.0
395	127830.0	126480.0
396	128835.0	126038.0
397	127735.0	125387.0
398	127889.0	126376.0
399	128751.0	125812.0
400	127624.0	125625.0
401	127627.0	126690.0
402	128278.0	125848.0
403	127601.0	125417.0
404	127706.0	126734.0
405	128532.0	125516.0
406	127666.0	124983.0
407	127679.0	126495.0
408	128789.0	126049.0
409	127722.0	125223.0
410	127525.0	126263.0
411	128694.0	125604.0
412	127664.0	125516.0
413	128037.0	126041.0
414	128364.0	125559.0
415	127720.0	125536.0
416	127779.0	126314.0
417	128505.0	125865.0
418	127724.0	125076.0
419	127605.0	126048.0
420	128573.0	125856.0
421	127378.0	125421.0
422	127513.0	126374.0
423	128417.0	125687.0
424	127424.0	125243.0
425	127553.0	126123.0
426	128542.0	125710.0
427	127338.0	125240.0
428	127291.0	126329.0
429	128662.0	125739.0
430	127271.0	125013.0
431	127371.0	125993.0
432	128635.0	125950.0
433	127418.0	125539.0
434	127172.0	126189.0
435	128263.0	125574.0
436	127342.0	125061.0
437	127563.0	125924.0
438	128335.0	125376.0
439	127389.0	124768.0
440	127493.0	126220.0
441	128167.0	125709.0
442	127041.0	124656.0
443	127263.0	126047.0
444	128174.0	125894.0
445	127249.0	124967.0
446	127354.0	125905.0
447	127921.0	125566.0
448	127259.0	124726.0
449	127195.0	125930.0
450	128230.0	125440.0
451	127069.0	124996.0
452	127412.0	126161.0
453	128116.0	125386.0
454	126705.0	124781.0
455	127430.0	125571.0
456	128088.0	125129.0
457	127275.0	124772.0
458	127236.0	126071.0
459	127777.0	125241.0
460	127048.0	124760.0
461	126994.0	125992.0
462	127993.0	125505.0
463	127094.0	124709.0
464	127105.0	125782.0
465	128028.0	125451.0
466	126998.0	124813.0
467	127067.0	125663.0
468	128210.0	125288.0
469	126561.0	124653.0
470	127101.0	126015.0
471	128141.0	125092.0
472	126794.0	124883.0
473	127300.0	125596.0
474	128153.0	125248.0
475	127096.0	124919.0
476	127237.0	125630.0
477	127834.0	124903.0
478	127036.0	124677.0
479	127082.0	125772.0
480	127804.0	125190.0
481	126713.0	124854.0
482	126827.0	125669.0
483	127904.0	125238.0
484	127139.0	124668.0
485	126732.0	125534.0
486	128241.0	125041.0
487	126580.0	124798.0
488	127030.0	125551.0
489	127755.0	125239.0
490	126944.0	124584.0
491	126994.0	125260.0
492	127613.0	125039.0
493	127037.0	124637.0
494	126664.0	125670.0
495	127762.0	124915.0
496	126466.0	124712.0
497	126758.0	125464.0
498	127518.0	125140.0
499	126788.0	124514.0
500	127109.0	125313.0
501	127660.0	125091.0
502	126558.0	124629.0
503	126801.0	125640.0
504	127794.0	125195.0
505	126632.0	124556.0
506	126698.0	125474.0
507	127810.0	124906.0
508	126806.0	124647.0
509	126705.0	125704.0
510	127699.0	125233.0
511	126730.0	124681.0
512	126733.0	125447.0
513	127342.0	125025.0
514	126532.0	124588.0
515	126708.0	125717.0
516	127299.0	125044.0
517	126464.0	124419.0
518	126836.0	125331.0
519	127317.0	124910.0
520	126585.0	124340.0
521	126851.0	125045.0
522	127654.0	124940.0
523	126623.0	124544.0
524	126915.0	125148.0
525	127321.0	124645.0
526	126578.0	124367.0
527	126813.0	125248.0
528	127169.0	124730.0
529	126659.0	124276.0
530	126736.0	125397.0
531	127453.0	124884.0
532	126531.0	124356.0
533	126414.0	125376.0
534	127692.0	124946.0
535	126604.0	124512.0
536	126479.0	125606.0
537	127872.0	124589.0
538	126341.0	124487.0
539	126347.0	125439.0
540	127496.0	124754.0
541	126414.0	124610.0
542	126733.0	124889.0
543	127732.0	124831.0
544	126522.0	124481.0
545	126619.0	125298.0
546	127484.0	124580.0
547	126496.0	124356.0
548	126696.0	125084.0
549	127344.0	124949.0
550	126696.0	124513.0
551	126911.0	125102.0
552	127092.0	124780.0
553	126471.0	124248.0
554	126357.0	125040.0
555	127608.0	124850.0
556	126544.0	124303.0
557	126290.0	125115.0
558	127474.0	124759.0
559	126559.0	124523.0
560	126651.0	125135.0
561	127270.0	124680.0
562	126483.0	124287.0
563	126218.0	125259.0
564	127205.0	124407.0
565	126526.0	124461.0
566	126467.0	125304.0
567	127139.0	124731.0
568	126233.0	124427.0
569	126360.0	125268.0
570	127221.0	124511.0
571	126420.0	124088.0
572	126436.0	124948.0
573	127265.0	124823.0
574	126408.0	124245.0
575	126477.0	124957.0
576	127147.0	124727.0
577	125941.0	124068.0
578	126522.0	124909.0
579	127189.0	124521.0
580	126393.0	124031.0
581	126496.0	125171.0
582	127067.0	124691.0
583	126188.0	124429.0
584	126657.0	124886.0
585	127033.0	124469.0
586	126283.0	124097.0
587	126400.0	125202.0
588	126775.0	124585.0
589	126471.0	124262.0
590	126518.0	124569.0
591	127080.0	124635.0
592	126150.0	124123.0
593	126270.0	124623.0
594	127179.0	124244.0
595	126271.0	124114.0
596	126461.0	125293.0
597	127133.0	124365.0
598	126145.0	123797.0
599	126420.0	124793.0
600	126795.0	124776.0
601	125969.0	123925.0
602	126233.0	124908.0
603	127034.0	124657.0
604	126096.0	124247.0
605	126142.0	125091.0
606	127109.0	124226.0
607	126649.0	124200.0
608	126190.0	125197.0
609	127223.0	124577.0
610	126249.0	124271.0
611	126081.0	124694.0
612	127184.0	124462.0
613	126505.0	123971.0
614	126189.0	124555.0
615	126857.0	124486.0
616	126378.0	123781.0
617	126194.0	124934.0
618	126903.0	124386.0
619	126202.0	124022.0
620	126423.0	125123.0
621	126924.0	124138.0
622	126270.0	123932.0
623	126439.0	124698.0
624	127153.0	124313.0
625	126409.0	124048.0
626	125976.0	124897.0
627	127059.0	124635.0
628	126105.0	124067.0
629	126304.0	124658.0
630	126886.0	124312.0
631	126110.0	123726.0
632	126005.0	124713.0
633	126657.0	124447.0
634	125992.0	123823.0
635	125926.0	124884.0
636	126854.0	124507.0
637	126234.0	124150.0
638	126137.0	124854.0
639	126750.0	124509.0
640	126251.0	123767.0
641	126274.0	124724.0
642	126881.0	123968.0
643	126001.0	124074.0
644	126208.0	124768.0
645	126779.0	124007.0
646	125878.0	124017.0
647	126094.0	124770.0
648	126691.0	124055.0
649	125812.0	123585.0
650	126126.0	124750.0
651	126874.0	124231.0
652	126014.0	123656.0
653	126322.0	124695.0
654	126961.0	124387.0
655	125863.0	123903.0
656	125812.0	124599.0
657	126779.0	124206.0
658	125965.0	123904.0
659	126430.0	124461.0
660	126979.0	123937.0
661	126014.0	123638.0
662	126054.0	124349.0
663	126568.0	124058.0
664	125968.0	123761.0
665	125827.0	124537.0
666	126493.0	124138.0
667	125894.0	123646.0
668	125612.0	124397.0
669	126605.0	124172.0
670	126053.0	123684.0
671	125893.0	124145.0
672	126757.0	124128.0
673	125908.0	123938.0
674	126303.0	124218.0
675	126411.0	123968.0
676	126102.0	123668.0
677	126239.0	124277.0
678	126408.0	123960.0
679	125917.0	123814.0
680	125817.0	124538.0
681	126404.0	123949.0
682	126004.0	123361.0
683	125630.0	123993.0
684	126306.0	123944.0
685	125931.0	123745.0
686	125861.0	124490.0
687	126454.0	123785.0
688	126123.0	123999.0
689	125899.0	124388.0
690	126286.0	124073.0
691	125463.0	123488.0
692	125562.0	124296.0
693	126224.0	123963.0
694	125490.0	123633.0
695	125819.0	124450.0
696	126455.0	124159.0
697	125838.0	123716.0
698	126180.0	124001.0
699	126138.0	123921.0
700	125627.0	123820.0
701	125731.0	124139.0
702	126326.0	123775.0
703	125343.0	123479.0
704	125577.0	124022.0
705	126382.0	123679.0
706	125977.0	123467.0
707	126000.0	123660.0
708	126092.0	123656.0
709	125692.0	123599.0
710	125964.0	124296.0
711	126389.0	123693.0
712	125650.0	123493.0
713	125908.0	124097.0
714	126374.0	123771.0
715	125771.0	123663.0
716	125730.0	123992.0
717	126008.0	123652.0
718	125615.0	123357.0
719	125867.0	124290.0
720	126275.0	123672.0
721	125113.0	123148.0
722	125483.0	123928.0
723	125899.0	123619.0
724	125287.0	123387.0
725	125343.0	124314.0
726	126452.0	123908.0
727	125100.0	123324.0
728	125539.0	123751.0
729	126517.0	123650.0
730	125434.0	123412.0
731	125594.0	124205.0
732	125944.0	123686.0
733	125180.0	123026.0
734	125632.0	124024.0
735	125783.0	123621.0
736	125258.0	123244.0
737	125781.0	123873.0
738	126050.0	123739.0
739	125752.0	123307.0
740	125720.0	123873.0
741	126193.0	123504.0
742	125694.0	123146.0
743	125675.0	123830.0
744	125987.0	123744.0
745	125561.0	123273.0
746	125487.0	124092.0
747	125934.0	123723.0
748	125474.0	123310.0
749	125666.0	123714.0
750	125768.0	123706.0
751	125539.0	123478.0
752	125671.0	124158.0
753	125840.0	123544.0
754	125475.0	123415.0
755	125484.0	123697.0
756	125990.0	123503.0
757	125241.0	123203.0
758	125592.0	124137.0
759	125985.0	123750.0
760	125195.0	123563.0
761	125066.0	123984.0
762	126108.0	123498.0
763	125305.0	123277.0
764	125774.0	124025.0
765	126047.0	123523.0
766	125322.0	123411.0
767	125756.0	124025.0
768	125856.0	123673.0
769	125395.0	123648.0
770	125520.0	123783.0
771	126037.0	123670.0
772	125683.0	123422.0
773	125623.0	124350.0
774	126239.0	123389.0
775	125456.0	123328.0
776	125661.0	124031.0
777	126213.0	123846.0
778	125486.0	123627.0
779	125794.0	124011.0
780	126327.0	123488.0
781	125415.0	123814.0
782	125536.0	124315.0
783	125956.0	123358.0
784	125137.0	123474.0
785	125597.0	124232.0
786	126002.0	123866.0
787	125457.0	123422.0
788	125642.0	123778.0
789	125948.0	123766.0
790	125337.0	123627.0
791	125734.0	124406.0
792	126338.0	123971.0
793	125557.0	123551.0
794	125659.0	124119.0
795	125905.0	124125.0
796	125383.0	123767.0
797	125504.0	124328.0
798	126090.0	124176.0
799	125453.0	123621.0
800	125967.0	124022.0
801	125972.0	124335.0
802	125551.0	123808.0
803	125798.0	124165.0
804	125928.0	123886.0
805	125610.0	123631.0
806	125852.0	124077.0
807	126577.0	123975.0
808	125639.0	123968.0
809	125962.0	124143.0
810	126250.0	123490.0
811	125917.0	123826.0
812	125790.0	124281.0
813	126184.0	124063.0
814	125563.0	123816.0
815	125769.0	124524.0
816	126192.0	124025.0
817	125664.0	123954.0
818	125716.0	124526.0
819	126198.0	123930.0
820	125904.0	123792.0
821	126124.0	124265.0
822	126277.0	124387.0
823	125470.0	124163.0
824	125955.0	124351.0
825	126296.0	123864.0
826	125518.0	123940.0
827	125995.0	124735.0
828	126255.0	124291.0
829	126078.0	123826.0
830	125733.0	124604.0
831	126338.0	124200.0
832	125469.0	124204.0
833	125887.0	124498.0
834	126529.0	124327.0
835	125750.0	123915.0
836	126058.0	124263.0
837	126201.0	123910.0
838	125311.0	124255.0
839	125795.0	124312.0
840	126479.0	124092.0
841	125910.0	123994.0
842	125695.0	124387.0
843	126436.0	124256.0
844	125990.0	123934.0
845	126163.0	124480.0
846	126582.0	124017.0
847	125855.0	123866.0
848	126162.0	124442.0
849	126415.0	124398.0
850	126081.0	124363.0
851	125898.0	124329.0
852	126469.0	124314.0
853	125957.0	124057.0
854	126199.0	124478.0
855	126323.0	124090.0
856	126129.0	124231.0
857	125748.0	124537.0
858	126767.0	124281.0
859	125947.0	124239.0
860	126148.0	124651.0
861	126757.0	124434.0
862	126254.0	124327.0
863	126465.0	124351.0
864	126710.0	124278.0
865	126029.0	124335.0
866	126344.0	124292.0
867	126710.0	124176.0
868	125927.0	123956.0
869	126288.0	124390.0
870	126691.0	123947.0
871	126228.0	124127.0
872	126122.0	124434.0
873	126314.0	124053.0
874	125876.0	123921.0
875	125966.0	124583.0
876	125940.0	124245.0
877	125927.0	124062.0
878	125659.0	124396.0
879	126387.0	124078.0
880	125998.0	124227.0
881	126074.0	124215.0
882	126275.0	124098.0
883	125919.0	124064.0
884	125915.0	124341.0
885	126349.0	123739.0
886	125946.0	123919.0
887	126122.0	124471.0
888	126744.0	123957.0
889	125507.0	123814.0
890	125904.0	124294.0
891	126368.0	124247.0
892	125879.0	123857.0
893	126000.0	124285.0
894	126554.0	123991.0
895	125615.0	123973.0
896	126207.0	124299.0
897	126289.0	124245.0
898	125690.0	123756.0
899	126144.0	124346.0
900	126464.0	123812.0
901	125729.0	123886.0
902	125526.0	124127.0
903	126367.0	123975.0
904	125956.0	123564.0
905	125957.0	124030.0
906	126247.0	124160.0
907	125564.0	123769.0
908	125959.0	124373.0
909	126285.0	124001.0
910	125798.0	123605.0
911	125612.0	124111.0
912	126315.0	124101.0
913	125733.0	123722.0
914	125967.0	124013.0
915	126344.0	124101.0
916	125790.0	123670.0
917	126084.0	124105.0
918	125967.0	123707.0
919	125861.0	123652.0
920	125701.0	124149.0
921	126265.0	123865.0
922	125837.0	123873.0
923	126013.0	124082.0
924	126187.0	123906.0
925	125809.0	123646.0
926	125545.0	124210.0
927	126167.0	123768.0
928	125592.0	124015.0
929	126068.0	124174.0
930	126332.0	123813.0
931	126103.0	123873.0
932	126125.0	124091.0
933	126205.0	123930.0
934	125691.0	123735.0
935	125582.0	124156.0
936	125980.0	123672.0
937	125664.0	123412.0
938	125507.0	123882.0
939	125989.0	123895.0
940	125441.0	123406.0
941	125826.0	124011.0
942	125852.0	123504.0
943	125732.0	123365.0
944	126010.0	123792.0
945	125716.0	123451.0
946	125746.0	123558.0
947	126019.0	123856.0
948	126003.0	123569.0
949	125091.0	123245.0
950	125643.0	123629.0
951	125855.0	123751.0
952	125590.0	123481.0
953	125676.0	123961.0
954	126005.0	123379.0
955	125408.0	123513.0
956	125696.0	123732.0
957	126014.0	123529.0
958	125431.0	123416.0
959	125901.0	123813.0
960	125771.0	123424.0
961	125575.0	123430.0
962	125700.0	123723.0
963	125731.0	123287.0
964	125212.0	123650.0
965	125485.0	123310.0
966	126014.0	123690.0
967	125364.0	123339.0
968	125478.0	123341.0
969	125709.0	123309.0
970	125031.0	123452.0
971	125608.0	123472.0
972	126023.0	123219.0
973	125528.0	123441.0
974	125381.0	123573.0
975	125684.0	123143.0
976	125631.0	123329.0
977	125286.0	122988.0
978	125760.0	123527.0
979	125429.0	123070.0
980	125160.0	123551.0
981	125679.0	123396.0
982	125149.0	122959.0
983	125151.0	123308.0
984	125008.0	123097.0
985	125168.0	122891.0
986	125447.0	123230.0
987	125666.0	123304.0
988	124978.0	122634.0
989	125222.0	123355.0
990	125357.0	123041.0
991	124997.0	123056.0
992	125230.0	123446.0
993	125448.0	123162.0
994	125052.0	122787.0
995	125116.0	123386.0
996	125336.0	123153.0
997	125105.0	123282.0
998	124855.0	123189.0
999	125271.0	122928.0
1000	124904.0	122938.0
1001	125093.0	123113.0
1002	125232.0	123027.0
1003	124947.0	122983.0
1004	124675.0	123302.0
1005	125318.0	123254.0
1006	125023.0	122897.0
1007	125190.0	123004.0
1008	125160.0	123088.0
1009	124934.0	123250.0
1010	125090.0	123231.0
1011	125533.0	123103.0
1012	125008.0	123118.0
1013	125309.0	123304.0
1014	125310.0	123129.0
1015	124802.0	123151.0
1016	125013.0	123488.0
1017	125131.0	122847.0
1018	124749.0	123141.0
1019	124964.0	123347.0
1020	125352.0	122771.0
1021	124727.0	123000.0
1022	124721.0	123394.0
1023	125374.0	123005.0
1024	124862.0	122886.0
1025	125034.0	123103.0
1026	124904.0	123190.0
1027	125069.0	122900.0
1028	125026.0	123125.0
1029	125202.0	123215.0
1030	124781.0	123124.0
1031	124934.0	123343.0
1032	125148.0	123150.0
1033	124914.0	122558.0
1034	124913.0	123355.0
1035	125339.0	123129.0
1036	124919.0	122951.0
1037	124968.0	123446.0
1038	125362.0	123228.0
1039	124669.0	122950.0
1040	124953.0	123325.0
1041	124911.0	123025.0
1042	124950.0	122816.0
1043	124785.0	123210.0
1044	125081.0	122857.0
1045	124944.0	122912.0
1046	125548.0	123178.0
1047	125053.0	122751.0
1048	124724.0	122915.0
1049	124905.0	123391.0
1050	125204.0	123113.0
1051	124584.0	123038.0
1052	124922.0	123571.0
1053	125415.0	123108.0
1054	124536.0	122965.0
1055	125172.0	123491.0
1056	125736.0	122843.0
1057	124437.0	123160.0
1058	125492.0	123314.0
1059	125323.0	123141.0
1060	125211.0	122990.0
1061	124978.0	123248.0
1062	125337.0	122823.0
1063	124658.0	122825.0
1064	124588.0	123639.0
1065	125268.0	123001.0
1066	124599.0	122983.0
1067	124490.0	123539.0
1068	125350.0	123054.0
1069	124875.0	123187.0
1070	125101.0	123383.0
1071	125052.0	123412.0
1072	124756.0	122760.0
1073	124627.0	123396.0
1074	125163.0	123493.0
1075	124790.0	123056.0
1076	125461.0	123306.0
1077	125352.0	123263.0
1078	125148.0	123174.0
1079	124943.0	123362.0
1080	125130.0	123282.0
1081	124452.0	123256.0
1082	125079.0	123377.0
1083	125292.0	123440.0
1084	124592.0	123011.0
1085	124734.0	123769.0
1086	125202.0	123053.0
1087	125076.0	123136.0
1088	125127.0	123604.0
1089	125510.0	123163.0
1090	125018.0	123260.0
1091	125567.0	123466.0
1092	125421.0	123088.0
1093	124694.0	123490.0
1094	125112.0	123387.0
1095	125662.0	123270.0
1096	124967.0	123605.0
1097	124976.0	123375.0
1098	125380.0	122923.0
1099	125177.0	123555.0
1100	125143.0	123643.0
1101	125259.0	123269.0
1102	124846.0	122859.0
1103	125009.0	123617.0
1104	125419.0	123321.0
1105	124897.0	122943.0
1106	125113.0	123503.0
1107	125250.0	123290.0
1108	124956.0	123350.0
1109	125233.0	123760.0
1110	125228.0	123332.0
1111	125229.0	123140.0
1112	125250.0	123752.0
1113	125654.0	123352.0
1114	125336.0	123267.0
1115	125097.0	123797.0
1116	125767.0	123522.0
1117	125207.0	123361.0
1118	124885.0	123734.0
1119	125678.0	123469.0
1120	125405.0	123430.0
1121	125690.0	123590.0
1122	125764.0	123260.0
1123	125191.0	123547.0
1124	125328.0	123804.0
1125	125688.0	123600.0
1126	125250.0	123386.0
1127	125434.0	123765.0
1128	125489.0	123450.0
1129	125077.0	123347.0
1130	125683.0	123976.0
1131	125399.0	123386.0
1132	124931.0	123536.0
1133	125472.0	123861.0
1134	125515.0	123589.0
1135	125605.0	123388.0
1136	125570.0	123528.0
1137	125693.0	123417.0
1138	125628.0	123630.0
1139	125456.0	123291.0
1140	125625.0	123616.0
1141	125240.0	123657.0
1142	125646.0	123877.0
1143	125750.0	123353.0
1144	125594.0	123210.0
1145	125568.0	123748.0
1146	125729.0	123768.0
1147	125148.0	123624.0
1148	125685.0	123561.0
1149	125288.0	123369.0
1150	125532.0	123241.0
1151	125287.0	124133.0
1152	125627.0	123411.0
1153	125264.0	122973.0
1154	125304.0	123928.0
1155	126051.0	123490.0
1156	125366.0	123551.0
1157	125500.0	123946.0
1158	125895.0	123197.0
1159	125340.0	123453.0
1160	125608.0	123465.0
1161	125497.0	123484.0
1162	125521.0	123391.0
1163	125905.0	123499.0
1164	125336.0	123516.0
1165	125281.0	123161.0
1166	125409.0	123679.0
1167	125705.0	123691.0
1168	125348.0	123294.0
1169	125818.0	123509.0
1170	125725.0	123450.0
1171	125652.0	123291.0
1172	125433.0	123655.0
1173	125752.0	123591.0
1174	125376.0	123245.0
1175	125607.0	123479.0
1176	125759.0	123613.0
1177	125251.0	123057.0
1178	125540.0	123734.0
1179	125713.0	123478.0
1180	125458.0	122840.0
1181	125558.0	123378.0
1182	125497.0	123497.0
1183	125366.0	122933.0
1184	125347.0	123508.0
1185	125939.0	123244.0
1186	125582.0	123397.0
1187	125365.0	123240.0
1188	125392.0	123363.0
1189	125393.0	123437.0
1190	125938.0	123619.0
1191	125301.0	123347.0
1192	125321.0	123264.0
1193	125510.0	123515.0
1194	125855.0	123355.0
1195	125170.0	123154.0
1196	125457.0	123549.0
1197	125730.0	123108.0
1198	125168.0	122902.0
1199	125283.0	123324.0
1200	125346.0	123379.0
1201	125499.0	123328.0
1202	125171.0	123498.0
1203	125635.0	123156.0
1204	125493.0	123032.0
1205	125513.0	123157.0
1206	125672.0	123384.0
1207	125472.0	123367.0
1208	125565.0	123290.0
1209	125617.0	122980.0
1210	125176.0	123006.0
1211	125295.0	123302.0
1212	125414.0	123065.0
1213	125282.0	123577.0
1214	125246.0	123770.0
1215	125751.0	123243.0
1216	125307.0	123128.0
1217	125462.0	123336.0
1218	125381.0	123446.0
1219	125168.0	123237.0
1220	125673.0	123394.0
1221	125404.0	122960.0
1222	125246.0	123111.0
1223	125151.0	123478.0
1224	125887.0	123212.0
1225	125525.0	123172.0
1226	125257.0	123244.0
1227	125557.0	123093.0
1228	125181.0	122991.0
1229	125464.0	123261.0
1230	125216.0	123869.0
1231	125381.0	122853.0
1232	125422.0	123252.0
1233	125489.0	123202.0
1234	125348.0	122748.0
1235	125434.0	123395.0
1236	125355.0	123151.0
1237	125457.0	123194.0
1238	125321.0	123030.0
1239	125097.0	123014.0
1240	125220.0	123053.0
1241	125646.0	123261.0
1242	125137.0	123089.0
1243	124860.0	123067.0
1244	125152.0	123181.0
1245	125255.0	122762.0
1246	125139.0	123081.0
1247	125025.0	122788.0
1248	125667.0	123273.0
1249	125087.0	122864.0
1250	125011.0	123161.0
1251	125085.0	123058.0
1252	125161.0	122671.0
1253	125023.0	122921.0
1254	125276.0	123060.0
1255	124783.0	122953.0
1256	125198.0	123058.0
1257	125154.0	123103.0
1258	125094.0	122957.0
1259	125083.0	123155.0
1260	125321.0	122879.0
1261	125014.0	122639.0
1262	124980.0	123062.0
1263	124952.0	122974.0
1264	124983.0	122783.0
1265	124718.0	123001.0
1266	125033.0	123059.0
1267	124854.0	122682.0
1268	124696.0	122702.0
1269	125061.0	123206.0
1270	125189.0	122388.0
1271	124699.0	122927.0
1272	124832.0	123091.0
1273	124924.0	122774.0
1274	124648.0	122752.0
1275	124932.0	122767.0
1276	124773.0	122847.0
1277	124863.0	123232.0
1278	125091.0	123111.0
1279	125033.0	122959.0
1280	124845.0	123090.0
1281	125232.0	123118.0
1282	124695.0	122566.0
1283	124972.0	122586.0
1284	124882.0	123043.0
1285	124610.0	122697.0
1286	124766.0	122955.0
1287	125157.0	122541.0
1288	124757.0	122673.0
1289	124739.0	122671.0
1290	124872.0	123188.0
1291	124874.0	122664.0
1292	124877.0	122897.0
1293	124731.0	122916.0
1294	124661.0	122643.0
1295	125030.0	122944.0
1296	125226.0	122673.0
1297	124519.0	122667.0
1298	124741.0	123139.0
1299	124626.0	122908.0
1300	124680.0	122733.0
1301	124658.0	123163.0
1302	124859.0	123075.0
1303	124760.0	122729.0
1304	124992.0	122925.0
1305	125048.0	123004.0
1306	124744.0	122882.0
1307	124846.0	123053.0
1308	124846.0	122588.0
1309	124789.0	123027.0
1310	124701.0	122883.0
1311	125028.0	122839.0
1312	124598.0	122840.0
1313	124986.0	122952.0
1314	124794.0	122846.0
1315	124571.0	122505.0
1316	124685.0	122922.0
1317	125024.0	123108.0
1318	124925.0	122477.0
1319	124866.0	122930.0
1320	124673.0	123252.0
1321	124905.0	122662.0
1322	124673.0	122551.0
1323	124806.0	122587.0
1324	124458.0	122732.0
1325	124662.0	122647.0
1326	125051.0	122674.0
1327	124721.0	122756.0
1328	124666.0	123115.0
1329	125072.0	122528.0
1330	124504.0	122807.0
1331	124857.0	123054.0
1332	124876.0	122686.0
1333	124789.0	122768.0
1334	124877.0	122970.0
1335	125156.0	122900.0
1336	124564.0	122647.0
1337	124751.0	122859.0
1338	124886.0	122779.0
1339	124633.0	122801.0
1340	124937.0	122801.0
1341	124635.0	122763.0
1342	124836.0	123051.0
1343	125131.0	122854.0
1344	125209.0	122908.0
1345	124929.0	122644.0
1346	124867.0	122597.0
1347	124997.0	122914.0
1348	124942.0	122507.0
1349	124948.0	122670.0
1350	124871.0	122973.0
1351	124788.0	122668.0
1352	124804.0	123026.0
1353	124723.0	122911.0
1354	124697.0	122730.0
1355	124905.0	122975.0
1356	124968.0	122605.0
1357	124597.0	122565.0
1358	125092.0	123029.0
1359	125301.0	122801.0
1360	124742.0	123090.0
1361	124837.0	122878.0
1362	124864.0	122746.0
1363	124656.0	122695.0
1364	124889.0	122627.0
1365	124623.0	122947.0
1366	124491.0	122919.0
1367	124910.0	122942.0
1368	124680.0	122912.0
1369	124596.0	122971.0
1370	124716.0	123102.0
1371	124718.0	122859.0
1372	124505.0	122948.0
1373	124726.0	122769.0
1374	125016.0	122639.0
1375	124618.0	122849.0
1376	124625.0	122507.0
1377	124583.0	122681.0
1378	124489.0	122777.0
1379	125119.0	123120.0
1380	124761.0	122670.0
1381	124114.0	122712.0
1382	124761.0	123144.0
1383	124999.0	122598.0
1384	124695.0	122988.0
1385	124810.0	122909.0
1386	124702.0	123088.0
1387	124683.0	122778.0
1388	124884.0	122958.0
1389	125223.0	122765.0
1390	124920.0	122763.0
1391	124698.0	122854.0
1392	124761.0	122809.0
1393	124961.0	122952.0
1394	124748.0	123414.0
1395	124728.0	122735.0
1396	124693.0	122990.0
1397	124971.0	123482.0
1398	124872.0	122894.0
1399	124685.0	122999.0
1400	124892.0	122620.0
1401	124868.0	122636.0
1402	124609.0	122922.0
1403	124713.0	123241.0
1404	124897.0	122926.0
1405	124697.0	123068.0
1406	124886.0	122834.0
1407	125046.0	122754.0
1408	124545.0	122614.0
1409	124900.0	122872.0
1410	125027.0	122971.0
1411	124557.0	122544.0
1412	125262.0	122687.0
1413	124915.0	122652.0
1414	124583.0	122574.0
1415	124796.0	123214.0
1416	125030.0	122837.0
1417	124928.0	123018.0
1418	125115.0	122802.0
1419	124970.0	123096.0
1420	124882.0	122521.0
1421	124671.0	122927.0
1422	124691.0	123030.0
1423	124695.0	122815.0
1424	124791.0	122596.0
1425	124761.0	122870.0
1426	124940.0	122438.0
1427	124948.0	122560.0
1428	124999.0	122411.0
1429	124751.0	122834.0
1430	124955.0	122678.0
1431	124941.0	122651.0
1432	124702.0	122526.0
1433	124954.0	122792.0
1434	124725.0	122809.0
1435	124757.0	122590.0
1436	124690.0	122701.0
1437	124537.0	123104.0
1438	124473.0	122804.0
1439	125037.0	122905.0
1440	124816.0	122691.0
1441	124541.0	122923.0
1442	124785.0	122778.0
1443	124948.0	122567.0
1444	124812.0	122776.0
1445	124913.0	122831.0
1446	125096.0	122501.0
1447	124715.0	122772.0
1448	125036.0	123146.0
1449	125288.0	122837.0
1450	124428.0	122615.0
1451	124919.0	122832.0
1452	125170.0	123013.0
1453	124840.0	122645.0
1454	124732.0	123037.0
1455	125003.0	123113.0
1456	124623.0	122740.0
1457	124861.0	122907.0
1458	124634.0	122554.0
1459	124373.0	122535.0
1460	124672.0	122992.0
1461	124849.0	122899.0
1462	124972.0	122640.0
1463	124548.0	123053.0
1464	125000.0	122788.0
1465	124880.0	122767.0
1466	124777.0	123149.0
1467	124647.0	122601.0
1468	124662.0	122550.0
1469	124808.0	122815.0
1470	125092.0	122853.0
1471	124821.0	122746.0
1472	125007.0	122954.0
1473	125134.0	122782.0
1474	124699.0	122596.0
1475	124798.0	123057.0
1476	125034.0	122935.0
1477	124869.0	122331.0
1478	125114.0	122934.0
1479	125016.0	122659.0
1480	124991.0	122386.0
1481	125070.0	122625.0
1482	124748.0	122695.0
1483	124667.0	122499.0
1484	124835.0	123034.0
1485	125086.0	122819.0
1486	124575.0	122907.0
1487	124599.0	122922.0
1488	124889.0	123104.0
1489	124675.0	122860.0
1490	124998.0	122857.0
1491	125021.0	122897.0
1492	124690.0	122731.0
1493	125034.0	122848.0
1494	124975.0	122874.0
1495	124843.0	122627.0
1496	124688.0	122763.0
1497	124919.0	122885.0
1498	124644.0	122889.0
1499	125024.0	122953.0
1500	125035.0	122959.0
1501	124784.0	122810.0
1502	124784.0	123169.0
1503	124903.0	122698.0
1504	124828.0	122541.0
1505	124779.0	122844.0
1506	124941.0	123042.0
1507	124838.0	122341.0
1508	124600.0	123009.0
1509	124960.0	122679.0
1510	125050.0	122879.0
1511	125179.0	122931.0
1512	124919.0	123053.0
1513	124840.0	122763.0
1514	125065.0	122954.0
1515	124801.0	123035.0
1516	124573.0	122982.0
1517	125049.0	122883.0
1518	124753.0	122888.0
1519	124752.0	122742.0
1520	125019.0	122820.0
1521	125124.0	122857.0
1522	124584.0	122500.0
1523	124942.0	122685.0
1524	124732.0	122686.0
1525	124835.0	122650.0
1526	124860.0	122777.0
1527	125066.0	122769.0
1528	124737.0	122556.0
1529	124723.0	122697.0
1530	124672.0	122739.0
1531	124786.0	122721.0
1532	124704.0	123062.0
1533	125161.0	122699.0
1534	124505.0	122623.0
1535	124572.0	122978.0
1536	124699.0	122636.0
1537	124587.0	122727.0
1538	124579.0	122781.0
1539	124698.0	122545.0
1540	124613.0	123170.0
1541	124797.0	123085.0
1542	125133.0	122736.0
1543	124624.0	122773.0
1544	124883.0	122745.0
1545	124864.0	122745.0
1546	124725.0	122642.0
1547	124883.0	122683.0
1548	124933.0	122700.0
1549	124994.0	122371.0
1550	125063.0	122700.0
1551	124698.0	122761.0
1552	125066.0	122429.0
1553	124998.0	122699.0
1554	124576.0	122739.0
1555	124860.0	122581.0
1556	125022.0	122699.0
1557	124876.0	122762.0
1558	124434.0	122794.0
1559	124808.0	122922.0
1560	124862.0	122690.0
1561	124758.0	122702.0
1562	124945.0	122823.0
1563	125095.0	122703.0
1564	124905.0	122662.0
1565	125021.0	122616.0
1566	124829.0	122592.0
1567	124723.0	122543.0
1568	124833.0	122667.0
1569	124619.0	122696.0
1570	124664.0	122709.0
1571	124890.0	122992.0
1572	125007.0	122505.0
1573	124628.0	122804.0
1574	124785.0	123142.0
1575	124883.0	122974.0
1576	124675.0	122756.0
1577	124633.0	122843.0
1578	124768.0	122591.0
1579	124705.0	122610.0
1580	125008.0	122839.0
1581	124785.0	122621.0
1582	124461.0	122887.0
1583	124623.0	122976.0
1584	124852.0	122762.0
1585	124675.0	122902.0
1586	124823.0	122866.0
1587	124918.0	122564.0
1588	124597.0	122741.0
1589	124923.0	122792.0
1590	124927.0	122770.0
1591	124585.0	122398.0
1592	124522.0	122994.0
1593	125248.0	123030.0
1594	124707.0	122476.0
1595	125020.0	122616.0
1596	125054.0	122640.0
1597	124662.0	122520.0
1598	124890.0	123008.0
1599	124831.0	122795.0
1600	124738.0	122823.0
1601	124971.0	122978.0
1602	125160.0	122985.0
1603	124695.0	122793.0
1604	125032.0	122727.0
1605	124981.0	122820.0
1606	124676.0	122688.0
1607	124774.0	122871.0
1608	124854.0	122594.0
1609	124492.0	122072.0
1610	124836.0	122757.0
1611	124864.0	122658.0
1612	125050.0	122907.0
1613	124826.0	123025.0
1614	125095.0	122879.0
1615	124755.0	122950.0
1616	125088.0	122722.0
1617	124842.0	122718.0
1618	124668.0	122853.0
1619	124914.0	123060.0
1620	125138.0	122857.0
1621	124796.0	122811.0
1622	125047.0	123107.0
1623	124811.0	122631.0
1624	124684.0	122752.0
1625	124546.0	123406.0
1626	125199.0	122985.0
1627	124799.0	122768.0
1628	124893.0	122951.0
1629	125369.0	122790.0
1630	124845.0	122338.0
1631	124802.0	123050.0
1632	124975.0	122784.0
1633	124794.0	122620.0
1634	124786.0	122975.0
1635	125187.0	122850.0
1636	124888.0	122946.0
1637	124792.0	122916.0
1638	124853.0	122942.0
1639	124682.0	122760.0
1640	125012.0	122899.0
1641	125365.0	122582.0
1642	124522.0	122651.0
1643	125410.0	122950.0
1644	124833.0	122568.0
1645	124776.0	122855.0
1646	125056.0	123027.0
1647	124806.0	122624.0
1648	124739.0	122912.0
1649	124733.0	122772.0
1650	124975.0	122482.0
1651	124594.0	122844.0
1652	124646.0	122820.0
1653	125376.0	122846.0
1654	125112.0	122288.0
1655	124856.0	122845.0
1656	125044.0	122604.0
1657	124953.0	122557.0
1658	124883.0	122871.0
1659	125258.0	122687.0
1660	125144.0	122496.0
1661	125096.0	122742.0
1662	124812.0	122566.0
1663	124580.0	122687.0
1664	124488.0	122952.0
1665	124860.0	122700.0
1666	124416.0	122657.0
1667	124705.0	122796.0
1668	124899.0	122521.0
1669	124506.0	122488.0
1670	124640.0	122587.0
1671	124806.0	122958.0
1672	124935.0	122573.0
1673	124850.0	122860.0
1674	124846.0	122586.0
1675	124994.0	122541.0
1676	124926.0	122546.0
1677	124917.0	122400.0
1678	124615.0	122476.0
1679	124809.0	122881.0
1680	124924.0	123013.0
1681	124547.0	122469.0
1682	124809.0	122713.0
1683	124989.0	122625.0
1684	124687.0	122295.0
1685	124663.0	122672.0
1686	124754.0	122058.0
1687	124319.0	122356.0
1688	124406.0	122342.0
1689	124488.0	122728.0
1690	124683.0	122539.0
1691	124606.0	122592.0
1692	124506.0	122737.0
1693	124627.0	122361.0
1694	124718.0	122859.0
1695	125165.0	122494.0
1696	124558.0	122025.0
1697	124519.0	122661.0
1698	124762.0	122493.0
1699	124702.0	122356.0
1700	124676.0	122538.0
1701	124448.0	122585.0
1702	124407.0	122500.0
1703	124600.0	122483.0
1704	124728.0	122343.0
1705	124538.0	122734.0
1706	124581.0	122684.0
1707	124729.0	122205.0
1708	124283.0	122026.0
1709	124370.0	122276.0
1710	124480.0	122524.0
1711	124311.0	122260.0
1712	124364.0	122862.0
1713	124472.0	122379.0
1714	124551.0	122317.0
1715	124378.0	122377.0
1716	124117.0	122821.0
1717	124503.0	122382.0
1718	124510.0	122436.0
1719	124574.0	122126.0
1720	124147.0	122187.0
1721	124436.0	122349.0
1722	124684.0	122427.0
1723	124536.0	122089.0
1724	124331.0	122269.0
1725	124332.0	122241.0
1726	124194.0	122577.0
1727	124484.0	122269.0
1728	124235.0	122049.0
1729	124328.0	122198.0
1730	124371.0	122054.0
1731	124353.0	122288.0
1732	124339.0	122274.0
1733	124101.0	122294.0
1734	124357.0	122323.0
1735	124620.0	122029.0
1736	124244.0	122376.0
1737	124706.0	122016.0
1738	124188.0	122035.0
1739	124340.0	122337.0
1740	124315.0	122120.0
1741	124641.0	121924.0
1742	124406.0	122186.0
1743	124454.0	122252.0
1744	124165.0	122067.0
1745	124126.0	122035.0
1746	124265.0	122009.0
1747	124172.0	122095.0
1748	124207.0	122311.0
1749	124662.0	121860.0
1750	124061.0	121987.0
1751	124388.0	121992.0
1752	124275.0	121853.0
1753	124159.0	122180.0
1754	124183.0	122228.0
1755	124594.0	121899.0
1756	124202.0	121924.0
1757	124461.0	122237.0
1758	124456.0	122045.0
1759	124297.0	122020.0
1760	123862.0	122174.0
1761	124212.0	121880.0
1762	123909.0	121803.0
1763	124248.0	122300.0
1764	124257.0	121877.0
1765	123921.0	122139.0
1766	124106.0	122336.0
1767	124468.0	122269.0
1768	123948.0	122192.0
1769	124250.0	122051.0
1770	124395.0	121942.0
1771	124331.0	121749.0
1772	124288.0	121889.0
1773	124304.0	122133.0
1774	123942.0	121764.0
1775	124496.0	122155.0
1776	124314.0	122017.0
1777	124332.0	121944.0
1778	124043.0	122250.0
1779	124275.0	122060.0
1780	124080.0	122003.0
1781	124022.0	122203.0
1782	123996.0	121748.0
1783	124108.0	122088.0
1784	124162.0	121984.0
1785	124280.0	122190.0
1786	123960.0	122168.0
1787	124166.0	121989.0
1788	124574.0	121702.0
1789	124009.0	122044.0
1790	124265.0	121810.0
1791	124056.0	121820.0
1792	124064.0	122076.0
1793	124137.0	121744.0
1794	124313.0	122163.0
1795	124001.0	121789.0
1796	123960.0	122044.0
1797	124520.0	121744.0
1798	124025.0	121983.0
1799	124376.0	122101.0
1800	124323.0	121773.0
1801	123895.0	121766.0
1802	124180.0	122124.0
1803	124289.0	121928.0
1804	123981.0	121823.0
1805	124128.0	121862.0
1806	124167.0	121910.0
1807	124281.0	121827.0
1808	124040.0	121745.0
1809	124242.0	121962.0
1810	124027.0	121886.0
1811	123671.0	121800.0
1812	124169.0	121764.0
1813	123933.0	122067.0
1814	124152.0	122340.0
1815	124314.0	121662.0
1816	123869.0	121766.0
1817	124158.0	121975.0
1818	124347.0	121605.0
1819	123954.0	122017.0
1820	124005.0	121997.0
1821	124141.0	121717.0
1822	123975.0	121822.0
1823	123928.0	122276.0
1824	124154.0	122024.0
1825	124045.0	121511.0
1826	123957.0	122044.0
1827	124010.0	121631.0
1828	123772.0	122209.0
1829	123973.0	121992.0
1830	124252.0	122149.0
1831	123741.0	121927.0
1832	124189.0	121886.0
1833	123847.0	121937.0
1834	124232.0	121515.0
1835	123794.0	121780.0
1836	123699.0	121863.0
1837	123793.0	121847.0
1838	124088.0	121995.0
1839	124129.0	121860.0
1840	123643.0	121449.0
1841	124124.0	121832.0
1842	124059.0	121638.0
1843	123701.0	121675.0
1844	123687.0	121945.0
1845	124092.0	121951.0
1846	124115.0	121588.0
1847	123520.0	121668.0
1848	123615.0	122021.0
1849	123882.0	121467.0
1850	123999.0	121977.0
1851	123814.0	121926.0
1852	123408.0	121845.0
1853	123963.0	121816.0
1854	123809.0	121627.0
1855	123849.0	121639.0
1856	123604.0	122019.0
1857	123727.0	121913.0
1858	123714.0	121909.0
1859	123730.0	121418.0
1860	123856.0	121927.0
1861	123679.0	121940.0
1862	123833.0	121806.0
1863	123983.0	121924.0
1864	123758.0	121746.0
1865	123485.0	121809.0
1866	123859.0	121661.0
1867	123478.0	121980.0
1868	123576.0	121562.0
1869	123741.0	122194.0
1870	123697.0	121823.0
1871	123814.0	121662.0
1872	123507.0	121765.0
1873	123853.0	121800.0
1874	123559.0	121697.0
1875	124219.0	121674.0
1876	123792.0	121785.0
1877	123847.0	121759.0
1878	123572.0	121835.0
1879	123773.0	122057.0
1880	123962.0	121712.0
1881	123716.0	121961.0
1882	123628.0	121881.0
1883	124026.0	121774.0
1884	123703.0	121823.0
1885	124012.0	121838.0
1886	123608.0	122169.0
1887	123505.0	121936.0
1888	123651.0	121869.0
1889	123934.0	122042.0
1890	123893.0	122110.0
1891	123593.0	121698.0
1892	123897.0	122014.0
1893	123941.0	121982.0
1894	123781.0	121947.0
1895	123784.0	122085.0
1896	123934.0	122056.0
1897	123955.0	121658.0
1898	123562.0	121905.0
1899	123591.0	121955.0
1900	123764.0	122060.0
1901	124030.0	121927.0
1902	123788.0	122251.0
1903	123686.0	121898.0
1904	123864.0	122093.0
1905	124074.0	122105.0
1906	123532.0	122024.0
1907	123928.0	122118.0
1908	123616.0	122191.0
1909	124035.0	121643.0
1910	124073.0	122164.0
1911	124126.0	121803.0
1912	123651.0	121917.0
1913	123993.0	121995.0
1914	123942.0	122063.0
1915	123785.0	122196.0
1916	123792.0	122270.0
1917	124440.0	121781.0
1918	123941.0	121652.0
1919	124111.0	122173.0
1920	123958.0	121681.0
1921	123850.0	121950.0
1922	123904.0	122493.0
1923	124033.0	122043.0
1924	123663.0	121928.0
1925	124018.0	121962.0
1926	124402.0	122217.0
1927	123938.0	122070.0
1928	124162.0	122058.0
1929	124145.0	122298.0
1930	123947.0	122055.0
1931	123617.0	122089.0
1932	124152.0	122126.0
1933	123730.0	122000.0
1934	123649.0	121849.0
1935	124084.0	122223.0
1936	124063.0	122215.0
1937	123708.0	121982.0
1938	124128.0	122270.0
1939	124263.0	122052.0
1940	124245.0	121976.0
1941	123896.0	122644.0
1942	124118.0	122160.0
1943	124082.0	122107.0
1944	124246.0	122144.0
1945	123945.0	122197.0
1946	124164.0	122157.0
1947	124080.0	122294.0
1948	124044.0	121717.0
1949	123910.0	122364.0
1950	124308.0	121997.0
1951	124357.0	121829.0
1952	124074.0	122232.0
1953	124450.0	121925.0
1954	123878.0	122321.0
1955	124078.0	122025.0
1956	124138.0	121821.0
1957	124408.0	122168.0
1958	124364.0	122330.0
1959	124301.0	122039.0
1960	124030.0	121833.0
1961	123846.0	121891.0
1962	124029.0	122156.0
1963	124158.0	121834.0
1964	124061.0	122183.0
1965	124099.0	121861.0
1966	124190.0	121936.0
1967	124183.0	122068.0
1968	124281.0	122363.0
1969	124244.0	122022.0
1970	123868.0	121911.0
1971	124082.0	121878.0
1972	124009.0	121954.0
1973	123873.0	122118.0
1974	124051.0	122067.0
1975	123892.0	121897.0
1976	124028.0	122187.0
1977	124298.0	122137.0
1978	124171.0	122021.0
1979	124298.0	122117.0
1980	124269.0	121933.0
1981	123983.0	121929.0
1982	123648.0	121923.0
1983	124491.0	122151.0
1984	124220.0	121509.0
1985	124029.0	122083.0
1986	124186.0	122117.0
1987	124044.0	121966.0
1988	123799.0	122032.0
1989	124409.0	122342.0
1990	124098.0	122126.0
1991	124085.0	121884.0
1992	124205.0	122019.0
1993	124163.0	121952.0
1994	124110.0	122152.0
1995	124348.0	122097.0
1996	123904.0	121834.0
1997	124098.0	122088.0
1998	124232.0	121950.0
1999	124050.0	122240.0
