Distance in bp(Fragment Length Estimate: 67)(Peak Width Estimate: 67)	Same Strand (+ for Watson strand, - for Crick)	Opposite Strand
-2000	120822.0	120669.0
-1999	120555.0	120908.0
-1998	121242.0	120223.0
-1997	120950.0	120501.0
-1996	121058.0	120588.0
-1995	120911.0	120609.0
-1994	121066.0	120475.0
-1993	121127.0	120777.0
-1992	120899.0	120555.0
-1991	121137.0	120545.0
-1990	121080.0	121043.0
-1989	121049.0	120508.0
-1988	120751.0	120707.0
-1987	120721.0	120740.0
-1986	121398.0	120919.0
-1985	120956.0	120774.0
-1984	121315.0	120822.0
-1983	121083.0	120356.0
-1982	120653.0	120729.0
-1981	121192.0	120727.0
-1980	121000.0	120345.0
-1979	121237.0	120957.0
-1978	121251.0	120553.0
-1977	120881.0	120677.0
-1976	120878.0	120600.0
-1975	121051.0	120945.0
-1974	121325.0	121184.0
-1973	120679.0	120508.0
-1972	120853.0	120611.0
-1971	121008.0	120880.0
-1970	120655.0	120637.0
-1969	120984.0	120604.0
-1968	121158.0	120869.0
-1967	120892.0	120994.0
-1966	120593.0	120716.0
-1965	121312.0	121147.0
-1964	120936.0	120791.0
-1963	121250.0	121075.0
-1962	121147.0	120916.0
-1961	120765.0	120739.0
-1960	121140.0	121436.0
-1959	121392.0	120734.0
-1958	120734.0	120884.0
-1957	121412.0	121092.0
-1956	121008.0	120675.0
-1955	120855.0	121290.0
-1954	121022.0	120931.0
-1953	120963.0	121072.0
-1952	121347.0	120325.0
-1951	121031.0	121349.0
-1950	121420.0	121162.0
-1949	121216.0	120954.0
-1948	121207.0	120951.0
-1947	121110.0	121123.0
-1946	121074.0	121109.0
-1945	120761.0	121158.0
-1944	121298.0	120991.0
-1943	121326.0	121196.0
-1942	121056.0	121398.0
-1941	121651.0	120894.0
-1940	121083.0	121291.0
-1939	121570.0	121318.0
-1938	121698.0	120706.0
-1937	121049.0	120936.0
-1936	121399.0	121054.0
-1935	121399.0	121111.0
-1934	121442.0	121174.0
-1933	121013.0	121086.0
-1932	121138.0	120711.0
-1931	121345.0	121010.0
-1930	121141.0	121095.0
-1929	121194.0	120671.0
-1928	121354.0	121089.0
-1927	121351.0	120777.0
-1926	121803.0	120800.0
-1925	121204.0	121223.0
-1924	121023.0	121126.0
-1923	121490.0	120854.0
-1922	121530.0	121317.0
-1921	121457.0	121225.0
-1920	121460.0	121017.0
-1919	121350.0	121206.0
-1918	121367.0	120923.0
-1917	121543.0	121018.0
-1916	121117.0	121430.0
-1915	121748.0	120968.0
-1914	121127.0	121269.0
-1913	121386.0	121195.0
-1912	121287.0	121048.0
-1911	121267.0	121250.0
-1910	121278.0	121395.0
-1909	121482.0	121656.0
-1908	121503.0	121091.0
-1907	121519.0	121437.0
-1906	121441.0	121139.0
-1905	121333.0	120977.0
-1904	121244.0	121358.0
-1903	121604.0	121048.0
-1902	121946.0	121179.0
-1901	121320.0	120925.0
-1900	121402.0	121511.0
-1899	121318.0	121123.0
-1898	121685.0	121143.0
-1897	122022.0	121353.0
-1896	121722.0	121191.0
-1895	121224.0	121143.0
-1894	121424.0	120867.0
-1893	121981.0	121175.0
-1892	121234.0	120893.0
-1891	121493.0	121480.0
-1890	121724.0	121190.0
-1889	121427.0	121255.0
-1888	121444.0	120766.0
-1887	121841.0	121158.0
-1886	121469.0	121384.0
-1885	121386.0	121598.0
-1884	121910.0	121105.0
-1883	121268.0	121281.0
-1882	121071.0	121201.0
-1881	121516.0	121114.0
-1880	121638.0	121044.0
-1879	121642.0	121318.0
-1878	121642.0	121259.0
-1877	121228.0	121138.0
-1876	121429.0	120791.0
-1875	121801.0	121224.0
-1874	121375.0	121235.0
-1873	121832.0	121390.0
-1872	121587.0	121047.0
-1871	121568.0	121314.0
-1870	121604.0	121048.0
-1869	121463.0	121566.0
-1868	121350.0	121077.0
-1867	121376.0	121221.0
-1866	121515.0	121408.0
-1865	121595.0	121226.0
-1864	121269.0	121118.0
-1863	121713.0	121268.0
-1862	121633.0	120987.0
-1861	121465.0	121136.0
-1860	121868.0	121005.0
-1859	121661.0	121478.0
-1858	121461.0	121343.0
-1857	121840.0	120715.0
-1856	121373.0	121088.0
-1855	121752.0	121117.0
-1854	121767.0	121416.0
-1853	121290.0	121029.0
-1852	121051.0	121369.0
-1851	121779.0	121315.0
-1850	121451.0	121558.0
-1849	121228.0	121383.0
-1848	121591.0	121365.0
-1847	121532.0	121055.0
-1846	121223.0	121454.0
-1845	121522.0	121292.0
-1844	121564.0	121050.0
-1843	121407.0	121321.0
-1842	121793.0	121133.0
-1841	121658.0	121266.0
-1840	121429.0	121708.0
-1839	121768.0	121305.0
-1838	121160.0	121594.0
-1837	121264.0	121518.0
-1836	121975.0	120869.0
-1835	121609.0	121360.0
-1834	121302.0	121268.0
-1833	121623.0	121215.0
-1832	121747.0	121245.0
-1831	121505.0	121280.0
-1830	121794.0	121208.0
-1829	121294.0	121058.0
-1828	121461.0	121449.0
-1827	121478.0	121132.0
-1826	121462.0	121154.0
-1825	121434.0	121453.0
-1824	121648.0	121135.0
-1823	121480.0	120696.0
-1822	121204.0	121349.0
-1821	121598.0	121387.0
-1820	121666.0	121176.0
-1819	121360.0	121341.0
-1818	121506.0	121276.0
-1817	121558.0	121036.0
-1816	121545.0	121216.0
-1815	121540.0	120892.0
-1814	121588.0	121312.0
-1813	121874.0	121529.0
-1812	121153.0	121165.0
-1811	121723.0	121106.0
-1810	121421.0	121574.0
-1809	121581.0	121680.0
-1808	121610.0	121582.0
-1807	121657.0	121322.0
-1806	121846.0	120966.0
-1805	121257.0	120910.0
-1804	121628.0	121140.0
-1803	121456.0	121266.0
-1802	121233.0	121131.0
-1801	121417.0	121115.0
-1800	121657.0	120815.0
-1799	121473.0	121134.0
-1798	121339.0	121667.0
-1797	121666.0	120749.0
-1796	121325.0	121134.0
-1795	121772.0	121089.0
-1794	121771.0	121098.0
-1793	120916.0	121111.0
-1792	121512.0	120842.0
-1791	121713.0	121249.0
-1790	121725.0	121465.0
-1789	121464.0	121056.0
-1788	121322.0	121291.0
-1787	121078.0	121085.0
-1786	121481.0	121287.0
-1785	121251.0	121379.0
-1784	121497.0	121286.0
-1783	121269.0	121310.0
-1782	121779.0	121213.0
-1781	121556.0	121402.0
-1780	121633.0	121511.0
-1779	121253.0	120554.0
-1778	121613.0	121407.0
-1777	121466.0	121366.0
-1776	121658.0	121151.0
-1775	121201.0	121335.0
-1774	121393.0	121648.0
-1773	121609.0	120928.0
-1772	121128.0	121207.0
-1771	121583.0	121482.0
-1770	121636.0	121150.0
-1769	120968.0	121497.0
-1768	121098.0	121387.0
-1767	121899.0	120945.0
-1766	121341.0	121024.0
-1765	121310.0	121154.0
-1764	121453.0	121359.0
-1763	121396.0	120859.0
-1762	121747.0	121036.0
-1761	121662.0	121293.0
-1760	121311.0	121070.0
-1759	121093.0	121167.0
-1758	121244.0	121626.0
-1757	121181.0	121373.0
-1756	121332.0	121030.0
-1755	121460.0	121231.0
-1754	121082.0	121037.0
-1753	121204.0	121224.0
-1752	121879.0	121219.0
-1751	121314.0	120945.0
-1750	121126.0	120952.0
-1749	121696.0	121225.0
-1748	121477.0	121339.0
-1747	121563.0	121422.0
-1746	121193.0	121424.0
-1745	121055.0	121060.0
-1744	121494.0	121586.0
-1743	121533.0	121159.0
-1742	121241.0	121390.0
-1741	121370.0	121497.0
-1740	121520.0	120847.0
-1739	121787.0	121159.0
-1738	121074.0	121325.0
-1737	121628.0	121921.0
-1736	121472.0	121049.0
-1735	121222.0	121307.0
-1734	121667.0	121078.0
-1733	121464.0	121083.0
-1732	121600.0	121192.0
-1731	121659.0	121357.0
-1730	121376.0	121133.0
-1729	121300.0	120929.0
-1728	121629.0	121524.0
-1727	121352.0	121561.0
-1726	121474.0	121373.0
-1725	121304.0	121508.0
-1724	121589.0	121169.0
-1723	121404.0	120913.0
-1722	121395.0	121647.0
-1721	121671.0	120920.0
-1720	121433.0	121724.0
-1719	121801.0	121575.0
-1718	121526.0	121524.0
-1717	121490.0	121528.0
-1716	121914.0	121102.0
-1715	121604.0	120915.0
-1714	121656.0	121911.0
-1713	121851.0	121464.0
-1712	121822.0	121458.0
-1711	121494.0	121236.0
-1710	121898.0	121622.0
-1709	121454.0	121494.0
-1708	121566.0	121580.0
-1707	121897.0	121070.0
-1706	121117.0	121210.0
-1705	121777.0	121437.0
-1704	121488.0	121362.0
-1703	121774.0	121515.0
-1702	121514.0	121107.0
-1701	121784.0	121657.0
-1700	121589.0	121484.0
-1699	121691.0	121710.0
-1698	121569.0	121312.0
-1697	121649.0	121393.0
-1696	121724.0	121284.0
-1695	121684.0	121342.0
-1694	121394.0	121498.0
-1693	121683.0	121346.0
-1692	121747.0	121146.0
-1691	121735.0	121330.0
-1690	121472.0	121564.0
-1689	121865.0	121362.0
-1688	121776.0	121307.0
-1687	121527.0	121568.0
-1686	121939.0	121553.0
-1685	121701.0	121574.0
-1684	121665.0	121413.0
-1683	121702.0	121470.0
-1682	121688.0	121507.0
-1681	122089.0	121510.0
-1680	121720.0	121097.0
-1679	121622.0	121166.0
-1678	121735.0	121493.0
-1677	121895.0	121379.0
-1676	121671.0	121603.0
-1675	121528.0	121452.0
-1674	122072.0	121292.0
-1673	121488.0	121296.0
-1672	121924.0	121457.0
-1671	122157.0	121647.0
-1670	121502.0	121319.0
-1669	121744.0	121792.0
-1668	121819.0	121607.0
-1667	122049.0	121213.0
-1666	121720.0	121493.0
-1665	122083.0	121661.0
-1664	121907.0	121621.0
-1663	121562.0	121558.0
-1662	122075.0	121496.0
-1661	122147.0	121437.0
-1660	121580.0	121510.0
-1659	122381.0	121442.0
-1658	121725.0	121499.0
-1657	121644.0	121613.0
-1656	121945.0	121545.0
-1655	121770.0	121660.0
-1654	122188.0	121978.0
-1653	122071.0	121435.0
-1652	122129.0	121750.0
-1651	121712.0	121537.0
-1650	122116.0	121629.0
-1649	122039.0	121292.0
-1648	121716.0	121480.0
-1647	122438.0	121911.0
-1646	121960.0	121799.0
-1645	121646.0	121594.0
-1644	121959.0	121658.0
-1643	121839.0	121765.0
-1642	121852.0	121562.0
-1641	122276.0	121546.0
-1640	121869.0	121708.0
-1639	121908.0	121689.0
-1638	122135.0	121534.0
-1637	122209.0	121682.0
-1636	121884.0	121665.0
-1635	122135.0	121423.0
-1634	121849.0	121835.0
-1633	121852.0	121525.0
-1632	122454.0	121788.0
-1631	122007.0	121223.0
-1630	122024.0	121693.0
-1629	122000.0	121702.0
-1628	121749.0	121766.0
-1627	121692.0	121983.0
-1626	122124.0	121817.0
-1625	121790.0	121706.0
-1624	121718.0	121541.0
-1623	122172.0	122017.0
-1622	122077.0	121198.0
-1621	122249.0	121680.0
-1620	122098.0	121330.0
-1619	121990.0	121482.0
-1618	122194.0	122115.0
-1617	122147.0	121756.0
-1616	121964.0	121732.0
-1615	121637.0	121625.0
-1614	121832.0	121559.0
-1613	121834.0	121470.0
-1612	122022.0	121487.0
-1611	122298.0	121526.0
-1610	121712.0	121296.0
-1609	121817.0	121598.0
-1608	122399.0	121740.0
-1607	121962.0	121435.0
-1606	122367.0	121800.0
-1605	122500.0	121693.0
-1604	121951.0	121778.0
-1603	122156.0	122003.0
-1602	122162.0	121572.0
-1601	122168.0	121465.0
-1600	122240.0	121606.0
-1599	122534.0	121760.0
-1598	122282.0	121634.0
-1597	122263.0	121819.0
-1596	122036.0	121841.0
-1595	122130.0	121457.0
-1594	122184.0	121960.0
-1593	122428.0	121792.0
-1592	121723.0	121441.0
-1591	122221.0	121927.0
-1590	122263.0	121567.0
-1589	122275.0	121339.0
-1588	121893.0	121792.0
-1587	122090.0	121706.0
-1586	122038.0	121951.0
-1585	122174.0	122020.0
-1584	122502.0	121624.0
-1583	122075.0	121535.0
-1582	122171.0	121927.0
-1581	121995.0	121703.0
-1580	122065.0	121869.0
-1579	122065.0	122088.0
-1578	122347.0	122007.0
-1577	122530.0	121519.0
-1576	122604.0	121689.0
-1575	122088.0	122032.0
-1574	122182.0	121790.0
-1573	122448.0	121575.0
-1572	122456.0	121863.0
-1571	122095.0	121992.0
-1570	122366.0	121853.0
-1569	121719.0	121866.0
-1568	122061.0	121991.0
-1567	122507.0	122010.0
-1566	122371.0	121637.0
-1565	122495.0	122048.0
-1564	121972.0	121738.0
-1563	122641.0	121736.0
-1562	122469.0	121538.0
-1561	122269.0	121787.0
-1560	122415.0	122054.0
-1559	121935.0	121917.0
-1558	122115.0	121968.0
-1557	122451.0	122022.0
-1556	122041.0	121601.0
-1555	122168.0	121920.0
-1554	122086.0	122458.0
-1553	122368.0	121619.0
-1552	122499.0	121994.0
-1551	122272.0	121873.0
-1550	122404.0	122238.0
-1549	122614.0	121595.0
-1548	122212.0	121585.0
-1547	122299.0	121332.0
-1546	122260.0	121926.0
-1545	122449.0	122025.0
-1544	122118.0	121909.0
-1543	122326.0	121752.0
-1542	122136.0	122295.0
-1541	122445.0	121901.0
-1540	122384.0	121803.0
-1539	122274.0	122203.0
-1538	122379.0	121658.0
-1537	122389.0	122344.0
-1536	122572.0	121758.0
-1535	121903.0	121622.0
-1534	122290.0	121797.0
-1533	122373.0	122098.0
-1532	122130.0	122126.0
-1531	122337.0	121949.0
-1530	122141.0	121780.0
-1529	122387.0	121732.0
-1528	122086.0	121636.0
-1527	122081.0	122008.0
-1526	122514.0	121982.0
-1525	122391.0	121643.0
-1524	122424.0	122031.0
-1523	121810.0	121623.0
-1522	122292.0	122156.0
-1521	122266.0	122061.0
-1520	122126.0	121778.0
-1519	122118.0	121963.0
-1518	122311.0	121948.0
-1517	122213.0	122093.0
-1516	122199.0	121902.0
-1515	122327.0	121944.0
-1514	122382.0	121940.0
-1513	122170.0	121924.0
-1512	122219.0	122041.0
-1511	122291.0	121753.0
-1510	121829.0	121564.0
-1509	122616.0	122542.0
-1508	122058.0	121997.0
-1507	122358.0	122095.0
-1506	122574.0	121896.0
-1505	121959.0	122032.0
-1504	122233.0	121891.0
-1503	122721.0	122062.0
-1502	122403.0	121799.0
-1501	122465.0	122256.0
-1500	122390.0	122057.0
-1499	122307.0	121692.0
-1498	121994.0	121995.0
-1497	122455.0	121715.0
-1496	122184.0	122185.0
-1495	122426.0	121825.0
-1494	122194.0	121761.0
-1493	122235.0	122044.0
-1492	122218.0	121998.0
-1491	122573.0	121952.0
-1490	121989.0	121890.0
-1489	122312.0	122275.0
-1488	122500.0	121872.0
-1487	122313.0	121706.0
-1486	122413.0	122163.0
-1485	122335.0	121660.0
-1484	121799.0	122059.0
-1483	122564.0	121972.0
-1482	122554.0	122269.0
-1481	122230.0	122007.0
-1480	122382.0	122012.0
-1479	122745.0	122324.0
-1478	122258.0	122052.0
-1477	122265.0	121964.0
-1476	122762.0	122230.0
-1475	122570.0	122011.0
-1474	122050.0	121913.0
-1473	122541.0	122064.0
-1472	122150.0	122222.0
-1471	122532.0	122185.0
-1470	122306.0	122085.0
-1469	122262.0	121744.0
-1468	121852.0	122057.0
-1467	122995.0	121813.0
-1466	122102.0	121933.0
-1465	122230.0	122255.0
-1464	122424.0	122055.0
-1463	122380.0	121765.0
-1462	122195.0	121944.0
-1461	122604.0	121999.0
-1460	122308.0	121840.0
-1459	122329.0	122107.0
-1458	122996.0	122041.0
-1457	121861.0	122004.0
-1456	122308.0	121858.0
-1455	122080.0	122188.0
-1454	122288.0	122128.0
-1453	122548.0	122136.0
-1452	122472.0	122008.0
-1451	122052.0	121879.0
-1450	122144.0	122188.0
-1449	122530.0	122414.0
-1448	122146.0	121897.0
-1447	122202.0	122200.0
-1446	122650.0	122178.0
-1445	122091.0	121815.0
-1444	122334.0	122188.0
-1443	122845.0	121663.0
-1442	122243.0	121820.0
-1441	122253.0	122017.0
-1440	122329.0	122233.0
-1439	122042.0	121748.0
-1438	122311.0	122072.0
-1437	122573.0	121968.0
-1436	122240.0	121770.0
-1435	122214.0	121895.0
-1434	122526.0	122663.0
-1433	122035.0	121819.0
-1432	122439.0	121862.0
-1431	122496.0	122336.0
-1430	122022.0	122153.0
-1429	122093.0	122026.0
-1428	121978.0	122285.0
-1427	122181.0	121872.0
-1426	122268.0	121862.0
-1425	122635.0	122334.0
-1424	122051.0	121508.0
-1423	122133.0	122052.0
-1422	122048.0	121876.0
-1421	121912.0	122014.0
-1420	122374.0	122335.0
-1419	122053.0	122045.0
-1418	122076.0	121972.0
-1417	122284.0	122115.0
-1416	122279.0	121641.0
-1415	121945.0	122047.0
-1414	122108.0	122044.0
-1413	122177.0	122059.0
-1412	122141.0	121892.0
-1411	122443.0	122112.0
-1410	122425.0	122057.0
-1409	122172.0	121517.0
-1408	122221.0	121872.0
-1407	122270.0	121814.0
-1406	121583.0	121931.0
-1405	121975.0	121931.0
-1404	122674.0	121901.0
-1403	122425.0	121917.0
-1402	121912.0	122018.0
-1401	122586.0	121904.0
-1400	122012.0	121702.0
-1399	121962.0	121519.0
-1398	122122.0	122160.0
-1397	121846.0	121768.0
-1396	122019.0	121838.0
-1395	122347.0	121924.0
-1394	121771.0	122078.0
-1393	122177.0	121804.0
-1392	121800.0	122032.0
-1391	122220.0	121537.0
-1390	122347.0	121568.0
-1389	121759.0	122189.0
-1388	121770.0	121423.0
-1387	121969.0	121839.0
-1386	122547.0	121800.0
-1385	121787.0	121790.0
-1384	121950.0	122170.0
-1383	122028.0	121990.0
-1382	121911.0	121456.0
-1381	121691.0	122115.0
-1380	122450.0	121681.0
-1379	121721.0	121561.0
-1378	121827.0	121588.0
-1377	122324.0	121592.0
-1376	121834.0	121750.0
-1375	121813.0	121581.0
-1374	122724.0	121796.0
-1373	121699.0	121662.0
-1372	121747.0	121743.0
-1371	122491.0	121662.0
-1370	121989.0	122174.0
-1369	121724.0	121365.0
-1368	122433.0	121823.0
-1367	121582.0	121783.0
-1366	121787.0	122006.0
-1365	122279.0	121943.0
-1364	121997.0	121630.0
-1363	121736.0	122000.0
-1362	122280.0	121945.0
-1361	121947.0	121782.0
-1360	122029.0	121974.0
-1359	122168.0	121952.0
-1358	122193.0	121810.0
-1357	122161.0	121624.0
-1356	122134.0	121836.0
-1355	122006.0	121862.0
-1354	122204.0	121744.0
-1353	122367.0	122193.0
-1352	121541.0	121285.0
-1351	122172.0	121697.0
-1350	122533.0	122066.0
-1349	121721.0	121466.0
-1348	121961.0	122098.0
-1347	122367.0	121922.0
-1346	121945.0	121775.0
-1345	122336.0	121907.0
-1344	122491.0	122113.0
-1343	122156.0	121444.0
-1342	121445.0	122054.0
-1341	122631.0	121794.0
-1340	121868.0	121669.0
-1339	122045.0	121538.0
-1338	122415.0	121990.0
-1337	121985.0	121397.0
-1336	122412.0	122004.0
-1335	122092.0	122256.0
-1334	122111.0	121468.0
-1333	122111.0	122216.0
-1332	122527.0	122104.0
-1331	121770.0	121927.0
-1330	122220.0	121851.0
-1329	122119.0	121625.0
-1328	121860.0	121694.0
-1327	121767.0	121595.0
-1326	122687.0	122036.0
-1325	121910.0	121377.0
-1324	121734.0	121826.0
-1323	122395.0	121770.0
-1322	121914.0	121613.0
-1321	122173.0	121798.0
-1320	122127.0	121708.0
-1319	121781.0	121813.0
-1318	121952.0	122039.0
-1317	122305.0	122151.0
-1316	122062.0	121804.0
-1315	122328.0	121877.0
-1314	122508.0	122020.0
-1313	121844.0	121580.0
-1312	121983.0	121994.0
-1311	122328.0	121758.0
-1310	121868.0	121808.0
-1309	122218.0	121624.0
-1308	122921.0	121901.0
-1307	122111.0	121514.0
-1306	121924.0	121641.0
-1305	122419.0	122139.0
-1304	122395.0	121504.0
-1303	121964.0	121536.0
-1302	122503.0	121941.0
-1301	122039.0	121883.0
-1300	122326.0	121942.0
-1299	122070.0	122173.0
-1298	122128.0	121652.0
-1297	122127.0	121793.0
-1296	122644.0	122182.0
-1295	122106.0	121777.0
-1294	121795.0	121932.0
-1293	122516.0	121728.0
-1292	122051.0	121731.0
-1291	122065.0	121921.0
-1290	122381.0	121937.0
-1289	121811.0	121890.0
-1288	121742.0	122079.0
-1287	122311.0	122109.0
-1286	121842.0	121788.0
-1285	122060.0	122033.0
-1284	122757.0	122076.0
-1283	121948.0	122068.0
-1282	121975.0	122201.0
-1281	122302.0	121912.0
-1280	121840.0	121597.0
-1279	122016.0	122184.0
-1278	122761.0	122562.0
-1277	121874.0	121431.0
-1276	121886.0	122046.0
-1275	122746.0	121942.0
-1274	121913.0	121555.0
-1273	122160.0	121947.0
-1272	122640.0	122036.0
-1271	122129.0	121770.0
-1270	122267.0	122093.0
-1269	122377.0	121950.0
-1268	122174.0	122066.0
-1267	122376.0	122521.0
-1266	122448.0	122361.0
-1265	122229.0	121981.0
-1264	122616.0	122151.0
-1263	122471.0	121761.0
-1262	121914.0	121531.0
-1261	122277.0	121766.0
-1260	122192.0	122456.0
-1259	122533.0	121927.0
-1258	121958.0	122268.0
-1257	122595.0	122083.0
-1256	121497.0	122148.0
-1255	122186.0	122308.0
-1254	122742.0	122509.0
-1253	122162.0	122012.0
-1252	122402.0	122026.0
-1251	122889.0	122328.0
-1250	122340.0	122038.0
-1249	122404.0	122230.0
-1248	122064.0	121957.0
-1247	122407.0	122028.0
-1246	122430.0	122531.0
-1245	122545.0	122745.0
-1244	122338.0	122054.0
-1243	122136.0	122442.0
-1242	122907.0	122355.0
-1241	121902.0	122108.0
-1240	122341.0	122195.0
-1239	122906.0	122887.0
-1238	122343.0	121921.0
-1237	122487.0	122333.0
-1236	123056.0	122113.0
-1235	122112.0	122055.0
-1234	122149.0	122338.0
-1233	122754.0	122368.0
-1232	122490.0	122078.0
-1231	122601.0	122444.0
-1230	122868.0	122453.0
-1229	121965.0	122321.0
-1228	122475.0	121816.0
-1227	122962.0	122955.0
-1226	122536.0	122240.0
-1225	122169.0	122379.0
-1224	123070.0	122529.0
-1223	122262.0	121960.0
-1222	122494.0	122334.0
-1221	122466.0	122670.0
-1220	122438.0	122021.0
-1219	122188.0	122166.0
-1218	122960.0	122591.0
-1217	122645.0	122147.0
-1216	122494.0	122295.0
-1215	122934.0	122281.0
-1214	122176.0	122345.0
-1213	122457.0	122770.0
-1212	122962.0	122650.0
-1211	122513.0	121947.0
-1210	122539.0	122548.0
-1209	122807.0	122329.0
-1208	122598.0	122393.0
-1207	122645.0	122457.0
-1206	123159.0	122579.0
-1205	123041.0	121990.0
-1204	122659.0	122610.0
-1203	123173.0	122100.0
-1202	122597.0	121972.0
-1201	122416.0	122550.0
-1200	122957.0	122815.0
-1199	122604.0	122146.0
-1198	122696.0	122861.0
-1197	123450.0	122391.0
-1196	122656.0	122349.0
-1195	122730.0	122825.0
-1194	123113.0	122722.0
-1193	122736.0	122261.0
-1192	122542.0	122642.0
-1191	122894.0	122820.0
-1190	122633.0	122057.0
-1189	122451.0	122576.0
-1188	122791.0	122675.0
-1187	122751.0	122050.0
-1186	122608.0	122646.0
-1185	123287.0	122673.0
-1184	122548.0	122331.0
-1183	122927.0	122629.0
-1182	122924.0	122564.0
-1181	122831.0	122239.0
-1180	122595.0	122502.0
-1179	123659.0	122529.0
-1178	122482.0	122543.0
-1177	122511.0	122320.0
-1176	123209.0	122319.0
-1175	122206.0	122176.0
-1174	122571.0	122920.0
-1173	123363.0	122664.0
-1172	122947.0	122207.0
-1171	122544.0	122339.0
-1170	123034.0	122754.0
-1169	122742.0	122351.0
-1168	122527.0	122625.0
-1167	122862.0	122689.0
-1166	122962.0	122213.0
-1165	122489.0	122787.0
-1164	122995.0	122925.0
-1163	123181.0	122352.0
-1162	122668.0	122411.0
-1161	122556.0	122675.0
-1160	122637.0	122305.0
-1159	122915.0	122566.0
-1158	123056.0	122444.0
-1157	123014.0	122414.0
-1156	122770.0	122325.0
-1155	123454.0	122693.0
-1154	122639.0	122720.0
-1153	122756.0	122403.0
-1152	123160.0	122651.0
-1151	122381.0	122349.0
-1150	122687.0	122935.0
-1149	123368.0	122945.0
-1148	122805.0	122561.0
-1147	123171.0	122930.0
-1146	123149.0	123099.0
-1145	122979.0	122689.0
-1144	123022.0	122599.0
-1143	123462.0	122837.0
-1142	122695.0	122739.0
-1141	122926.0	122992.0
-1140	123310.0	122564.0
-1139	123031.0	122362.0
-1138	122918.0	122606.0
-1137	123391.0	122632.0
-1136	122961.0	122134.0
-1135	122952.0	122600.0
-1134	123364.0	122565.0
-1133	122885.0	122538.0
-1132	123070.0	123166.0
-1131	123325.0	122806.0
-1130	122712.0	122748.0
-1129	122737.0	122892.0
-1128	123517.0	122533.0
-1127	122948.0	122535.0
-1126	122971.0	122971.0
-1125	123103.0	122580.0
-1124	122947.0	122145.0
-1123	123044.0	123097.0
-1122	123551.0	122894.0
-1121	122910.0	122323.0
-1120	122738.0	122788.0
-1119	123278.0	122656.0
-1118	122752.0	122443.0
-1117	122804.0	123215.0
-1116	123293.0	122943.0
-1115	122853.0	122649.0
-1114	122958.0	123068.0
-1113	123555.0	122738.0
-1112	122661.0	122830.0
-1111	123015.0	123328.0
-1110	123344.0	122758.0
-1109	122789.0	122631.0
-1108	122914.0	122755.0
-1107	123286.0	123087.0
-1106	123026.0	122614.0
-1105	122892.0	122956.0
-1104	123706.0	123134.0
-1103	122812.0	122451.0
-1102	122994.0	123056.0
-1101	123796.0	123026.0
-1100	122695.0	122570.0
-1099	122741.0	123008.0
-1098	123253.0	122523.0
-1097	122945.0	122472.0
-1096	123283.0	123255.0
-1095	123207.0	123096.0
-1094	123223.0	122558.0
-1093	122952.0	122622.0
-1092	123379.0	123090.0
-1091	122973.0	122597.0
-1090	122598.0	122928.0
-1089	123188.0	122615.0
-1088	122675.0	122047.0
-1087	122368.0	123281.0
-1086	123548.0	122766.0
-1085	122721.0	122257.0
-1084	122587.0	123141.0
-1083	123334.0	122492.0
-1082	122856.0	122679.0
-1081	122462.0	122497.0
-1080	123363.0	122822.0
-1079	122755.0	122406.0
-1078	122994.0	122613.0
-1077	123311.0	122546.0
-1076	123017.0	122134.0
-1075	122783.0	122754.0
-1074	123020.0	122794.0
-1073	122577.0	122689.0
-1072	122725.0	122876.0
-1071	123161.0	122789.0
-1070	122675.0	122343.0
-1069	122651.0	122346.0
-1068	123016.0	122573.0
-1067	122420.0	122411.0
-1066	122896.0	122729.0
-1065	123529.0	122922.0
-1064	122840.0	122288.0
-1063	122946.0	122976.0
-1062	122868.0	122723.0
-1061	122884.0	122196.0
-1060	122965.0	123122.0
-1059	123195.0	122474.0
-1058	122633.0	122442.0
-1057	123156.0	122868.0
-1056	123740.0	122820.0
-1055	122485.0	122225.0
-1054	122828.0	122628.0
-1053	122986.0	122912.0
-1052	122943.0	122660.0
-1051	122428.0	122343.0
-1050	123361.0	123100.0
-1049	122549.0	122272.0
-1048	122766.0	122739.0
-1047	123148.0	122801.0
-1046	122921.0	122441.0
-1045	122705.0	122781.0
-1044	123227.0	122986.0
-1043	123224.0	122883.0
-1042	123303.0	122950.0
-1041	123636.0	122676.0
-1040	122996.0	122772.0
-1039	122873.0	122428.0
-1038	123362.0	122804.0
-1037	122968.0	122687.0
-1036	122920.0	122505.0
-1035	123210.0	122787.0
-1034	122432.0	122317.0
-1033	123203.0	122893.0
-1032	123836.0	122844.0
-1031	123111.0	122663.0
-1030	123021.0	122866.0
-1029	123732.0	123173.0
-1028	122644.0	122750.0
-1027	122934.0	122835.0
-1026	123453.0	122733.0
-1025	122994.0	122643.0
-1024	123122.0	123087.0
-1023	123333.0	122708.0
-1022	123116.0	122013.0
-1021	123033.0	122999.0
-1020	123933.0	123164.0
-1019	122675.0	122608.0
-1018	123076.0	122873.0
-1017	123526.0	123072.0
-1016	123505.0	122499.0
-1015	123001.0	122862.0
-1014	123572.0	123208.0
-1013	123098.0	122936.0
-1012	122926.0	122725.0
-1011	123492.0	122547.0
-1010	122934.0	122602.0
-1009	123096.0	123102.0
-1008	123577.0	123034.0
-1007	122740.0	122827.0
-1006	123234.0	122494.0
-1005	123037.0	123594.0
-1004	123085.0	122825.0
-1003	123097.0	122815.0
-1002	123811.0	122852.0
-1001	122812.0	122516.0
-1000	123111.0	123132.0
-999	123547.0	123332.0
-998	123453.0	122587.0
-997	122984.0	122687.0
-996	123420.0	122817.0
-995	123115.0	122505.0
-994	122938.0	122669.0
-993	123455.0	122756.0
-992	123293.0	121994.0
-991	123034.0	123361.0
-990	123831.0	122929.0
-989	122905.0	122491.0
-988	123291.0	122770.0
-987	124238.0	123048.0
-986	122622.0	122559.0
-985	123437.0	122602.0
-984	124143.0	122678.0
-983	123122.0	122381.0
-982	123071.0	123132.0
-981	123492.0	123599.0
-980	123242.0	123140.0
-979	123544.0	122948.0
-978	123670.0	123102.0
-977	123387.0	122506.0
-976	123247.0	123240.0
-975	123965.0	123064.0
-974	123384.0	122826.0
-973	123305.0	123470.0
-972	123945.0	123380.0
-971	123559.0	122708.0
-970	123619.0	122900.0
-969	124089.0	123157.0
-968	123219.0	123335.0
-967	123713.0	123375.0
-966	123957.0	123406.0
-965	123418.0	122809.0
-964	123256.0	123430.0
-963	124016.0	123435.0
-962	123603.0	122823.0
-961	123505.0	123586.0
-960	123953.0	123424.0
-959	123485.0	123112.0
-958	123679.0	123641.0
-957	124238.0	123372.0
-956	123531.0	122945.0
-955	123557.0	123909.0
-954	123841.0	123744.0
-953	123494.0	123327.0
-952	123876.0	123616.0
-951	124236.0	123788.0
-950	123736.0	122875.0
-949	123501.0	123403.0
-948	124171.0	123861.0
-947	124650.0	123036.0
-946	123659.0	122998.0
-945	124196.0	123621.0
-944	123811.0	123004.0
-943	124521.0	123398.0
-942	124723.0	124057.0
-941	124046.0	123220.0
-940	123980.0	123923.0
-939	124699.0	123711.0
-938	123607.0	123208.0
-937	123968.0	124140.0
-936	124763.0	124195.0
-935	124147.0	123565.0
-934	124238.0	123871.0
-933	124473.0	124059.0
-932	123881.0	123432.0
-931	124167.0	123884.0
-930	124684.0	123882.0
-929	123999.0	123323.0
-928	124322.0	123815.0
-927	124692.0	123896.0
-926	123880.0	123608.0
-925	124406.0	123877.0
-924	124584.0	124318.0
-923	124305.0	123526.0
-922	124238.0	123956.0
-921	125184.0	124443.0
-920	124034.0	123866.0
-919	124235.0	124174.0
-918	125185.0	124079.0
-917	124176.0	123353.0
-916	124181.0	124339.0
-915	125372.0	124449.0
-914	124290.0	123952.0
-913	123974.0	123963.0
-912	124685.0	124527.0
-911	124387.0	123698.0
-910	124122.0	124177.0
-909	125011.0	124254.0
-908	124685.0	123749.0
-907	124356.0	124000.0
-906	124949.0	124718.0
-905	124520.0	123779.0
-904	124265.0	124341.0
-903	125012.0	124637.0
-902	124404.0	124119.0
-901	124703.0	124106.0
-900	125018.0	124428.0
-899	124176.0	123643.0
-898	124381.0	124761.0
-897	125078.0	124497.0
-896	124405.0	123676.0
-895	124483.0	124659.0
-894	125246.0	124685.0
-893	124468.0	124143.0
-892	124735.0	124814.0
-891	124832.0	124196.0
-890	124071.0	123984.0
-889	124909.0	124646.0
-888	125176.0	124560.0
-887	124390.0	124225.0
-886	124508.0	124504.0
-885	124995.0	124751.0
-884	124616.0	123614.0
-883	124513.0	124970.0
-882	125397.0	124696.0
-881	124285.0	123970.0
-880	124201.0	125074.0
-879	124794.0	124450.0
-878	124482.0	124101.0
-877	124170.0	124325.0
-876	125249.0	124761.0
-875	124551.0	124257.0
-874	124379.0	124871.0
-873	125046.0	124284.0
-872	124053.0	123865.0
-871	124417.0	124706.0
-870	125275.0	124836.0
-869	124825.0	124263.0
-868	124480.0	124266.0
-867	125230.0	124826.0
-866	124393.0	123964.0
-865	124252.0	124676.0
-864	125110.0	124566.0
-863	124654.0	124063.0
-862	124602.0	124906.0
-861	125225.0	124880.0
-860	124427.0	124393.0
-859	124644.0	124387.0
-858	125360.0	124813.0
-857	124483.0	124166.0
-856	124334.0	124763.0
-855	125398.0	124377.0
-854	124350.0	124060.0
-853	124675.0	124603.0
-852	124761.0	124921.0
-851	124294.0	124191.0
-850	124402.0	124620.0
-849	124981.0	124752.0
-848	124698.0	123937.0
-847	124115.0	124682.0
-846	125397.0	124549.0
-845	124535.0	123924.0
-844	124612.0	124639.0
-843	124770.0	124380.0
-842	124172.0	123935.0
-841	124340.0	124479.0
-840	125082.0	124539.0
-839	124443.0	123980.0
-838	124623.0	124557.0
-837	125033.0	124413.0
-836	124601.0	124248.0
-835	124397.0	124544.0
-834	125098.0	124139.0
-833	123875.0	124347.0
-832	124580.0	124880.0
-831	124777.0	124478.0
-830	124400.0	124179.0
-829	124556.0	124840.0
-828	124995.0	124203.0
-827	124382.0	123934.0
-826	124387.0	124576.0
-825	124724.0	124986.0
-824	124405.0	123805.0
-823	124445.0	124499.0
-822	124824.0	124905.0
-821	124264.0	123638.0
-820	124087.0	124520.0
-819	125297.0	124218.0
-818	124100.0	123805.0
-817	124262.0	124585.0
-816	125173.0	124707.0
-815	124193.0	123831.0
-814	124206.0	124663.0
-813	124968.0	124450.0
-812	124089.0	123838.0
-811	124677.0	124615.0
-810	124608.0	124032.0
-809	124052.0	124150.0
-808	124399.0	124060.0
-807	124813.0	124340.0
-806	124150.0	123784.0
-805	124032.0	124299.0
-804	124697.0	124442.0
-803	123938.0	123947.0
-802	124118.0	124271.0
-801	124691.0	124468.0
-800	124090.0	123834.0
-799	124153.0	124359.0
-798	124765.0	124624.0
-797	123975.0	123788.0
-796	124526.0	124320.0
-795	125003.0	124283.0
-794	124181.0	123538.0
-793	124041.0	124343.0
-792	125036.0	124036.0
-791	123904.0	123724.0
-790	124251.0	124458.0
-789	124877.0	124443.0
-788	123790.0	123987.0
-787	123960.0	124280.0
-786	125001.0	124038.0
-785	124170.0	123477.0
-784	124148.0	124381.0
-783	124504.0	124896.0
-782	123849.0	123839.0
-781	124037.0	124341.0
-780	124912.0	124163.0
-779	124000.0	123924.0
-778	123983.0	124908.0
-777	125011.0	124241.0
-776	124039.0	123810.0
-775	124322.0	124222.0
-774	124969.0	124217.0
-773	123907.0	124085.0
-772	124006.0	124233.0
-771	124858.0	124357.0
-770	124009.0	123784.0
-769	123817.0	124301.0
-768	124908.0	124292.0
-767	124180.0	123426.0
-766	124145.0	123936.0
-765	124815.0	124158.0
-764	123968.0	123435.0
-763	124214.0	124319.0
-762	124852.0	124124.0
-761	124166.0	123551.0
-760	123619.0	124427.0
-759	124760.0	124727.0
-758	124170.0	123717.0
-757	123782.0	124379.0
-756	125108.0	123814.0
-755	124265.0	123661.0
-754	123925.0	124381.0
-753	125123.0	124097.0
-752	124178.0	123779.0
-751	124238.0	124362.0
-750	124627.0	123851.0
-749	124111.0	123588.0
-748	124051.0	124488.0
-747	124424.0	124143.0
-746	124303.0	123910.0
-745	124017.0	124291.0
-744	124976.0	124156.0
-743	123978.0	123580.0
-742	124123.0	124232.0
-741	124801.0	124061.0
-740	124176.0	123690.0
-739	124225.0	124207.0
-738	124776.0	124452.0
-737	123858.0	123475.0
-736	123951.0	124418.0
-735	125221.0	123879.0
-734	123954.0	123660.0
-733	124300.0	123928.0
-732	124918.0	124402.0
-731	124027.0	124047.0
-730	124505.0	124427.0
-729	124850.0	124295.0
-728	124150.0	123394.0
-727	124440.0	124454.0
-726	125086.0	124386.0
-725	124061.0	123457.0
-724	124233.0	124616.0
-723	124906.0	124156.0
-722	124206.0	123784.0
-721	123863.0	124052.0
-720	124794.0	124332.0
-719	123704.0	123217.0
-718	124039.0	124274.0
-717	125066.0	124229.0
-716	124025.0	124087.0
-715	124736.0	124145.0
-714	125161.0	124401.0
-713	124425.0	123709.0
-712	123995.0	124211.0
-711	124813.0	124074.0
-710	124163.0	123772.0
-709	124324.0	124251.0
-708	125240.0	124580.0
-707	124000.0	123681.0
-706	124199.0	124316.0
-705	125035.0	124566.0
-704	124319.0	123911.0
-703	124089.0	124331.0
-702	124717.0	124462.0
-701	124361.0	123757.0
-700	124506.0	124347.0
-699	125618.0	124239.0
-698	124474.0	123955.0
-697	124187.0	124189.0
-696	125439.0	124121.0
-695	123944.0	124033.0
-694	124170.0	124562.0
-693	125362.0	124453.0
-692	124382.0	124134.0
-691	123998.0	124635.0
-690	125436.0	124657.0
-689	124175.0	123988.0
-688	124341.0	124460.0
-687	125345.0	124797.0
-686	124478.0	124241.0
-685	124525.0	124197.0
-684	125020.0	123711.0
-683	124379.0	124090.0
-682	124675.0	124494.0
-681	125302.0	124599.0
-680	124091.0	124118.0
-679	124251.0	124476.0
-678	124962.0	124539.0
-677	124726.0	123788.0
-676	124136.0	124810.0
-675	125446.0	124407.0
-674	124233.0	124175.0
-673	124080.0	124440.0
-672	125342.0	124522.0
-671	124388.0	123506.0
-670	124467.0	124897.0
-669	125233.0	124209.0
-668	124275.0	123731.0
-667	124251.0	124951.0
-666	125722.0	124697.0
-665	124545.0	123839.0
-664	124254.0	124838.0
-663	125334.0	124521.0
-662	124368.0	123603.0
-661	124499.0	124722.0
-660	125551.0	124793.0
-659	124057.0	123757.0
-658	124221.0	124959.0
-657	125639.0	124581.0
-656	124505.0	124001.0
-655	124255.0	124701.0
-654	125394.0	124177.0
-653	124206.0	124124.0
-652	124466.0	124460.0
-651	125592.0	124580.0
-650	124454.0	123914.0
-649	124446.0	124606.0
-648	125226.0	124649.0
-647	124751.0	124033.0
-646	124355.0	124391.0
-645	125700.0	124465.0
-644	124152.0	124004.0
-643	124183.0	124650.0
-642	125418.0	124496.0
-641	124053.0	123998.0
-640	124837.0	124764.0
-639	125103.0	124478.0
-638	124662.0	123840.0
-637	124600.0	124922.0
-636	125264.0	124373.0
-635	124425.0	123777.0
-634	124488.0	124531.0
-633	125568.0	125034.0
-632	124214.0	124221.0
-631	124377.0	124834.0
-630	125326.0	124560.0
-629	124102.0	124003.0
-628	124417.0	124704.0
-627	125151.0	124596.0
-626	124236.0	124098.0
-625	125032.0	124783.0
-624	125458.0	124680.0
-623	124394.0	123642.0
-622	124199.0	125069.0
-621	125590.0	124732.0
-620	124455.0	124102.0
-619	124471.0	124655.0
-618	125569.0	124478.0
-617	124449.0	123927.0
-616	124702.0	124515.0
-615	125770.0	125221.0
-614	124780.0	123991.0
-613	124594.0	124438.0
-612	125349.0	124451.0
-611	124634.0	123708.0
-610	124600.0	124794.0
-609	125718.0	124512.0
-608	124476.0	124181.0
-607	124669.0	125071.0
-606	125190.0	124302.0
-605	124683.0	123934.0
-604	124990.0	125043.0
-603	125490.0	124820.0
-602	124930.0	123835.0
-601	124627.0	124713.0
-600	125488.0	124786.0
-599	124561.0	124637.0
-598	124239.0	125293.0
-597	125609.0	124795.0
-596	124650.0	124176.0
-595	124471.0	124987.0
-594	125649.0	124978.0
-593	124397.0	124440.0
-592	124483.0	124962.0
-591	125677.0	124537.0
-590	124869.0	124186.0
-589	124658.0	124945.0
-588	125601.0	124761.0
-587	124644.0	124251.0
-586	124621.0	125260.0
-585	125832.0	124929.0
-584	124817.0	124171.0
-583	124344.0	124788.0
-582	125545.0	124636.0
-581	124728.0	124284.0
-580	124349.0	124922.0
-579	125855.0	124870.0
-578	124847.0	124487.0
-577	125055.0	124985.0
-576	125906.0	124589.0
-575	124428.0	124388.0
-574	124974.0	124897.0
-573	125848.0	125135.0
-572	124431.0	124547.0
-571	125045.0	125038.0
-570	125751.0	124767.0
-569	124615.0	124414.0
-568	124336.0	125275.0
-567	125763.0	124902.0
-566	124580.0	124374.0
-565	124494.0	124919.0
-564	125754.0	125354.0
-563	124759.0	124305.0
-562	124602.0	124904.0
-561	126010.0	125164.0
-560	124552.0	124386.0
-559	124746.0	124893.0
-558	126210.0	125022.0
-557	124885.0	124240.0
-556	125089.0	125208.0
-555	125806.0	124886.0
-554	124680.0	124670.0
-553	124541.0	125309.0
-552	126209.0	124984.0
-551	124792.0	124377.0
-550	124864.0	125145.0
-549	125738.0	125216.0
-548	125234.0	124425.0
-547	124821.0	125011.0
-546	125645.0	124995.0
-545	124946.0	124832.0
-544	124842.0	125206.0
-543	125819.0	124943.0
-542	125102.0	124216.0
-541	124614.0	125468.0
-540	126186.0	124710.0
-539	125128.0	124180.0
-538	125102.0	125309.0
-537	125694.0	125431.0
-536	124759.0	124365.0
-535	125099.0	125236.0
-534	126210.0	125207.0
-533	124790.0	124378.0
-532	124729.0	125287.0
-531	126251.0	125274.0
-530	125189.0	124519.0
-529	125001.0	125279.0
-528	126139.0	125211.0
-527	125033.0	124404.0
-526	124654.0	125304.0
-525	126395.0	125570.0
-524	124862.0	124565.0
-523	124943.0	125121.0
-522	125972.0	125018.0
-521	125150.0	124812.0
-520	125476.0	125398.0
-519	126157.0	125207.0
-518	124938.0	124066.0
-517	124750.0	125811.0
-516	126345.0	125109.0
-515	124903.0	124314.0
-514	125017.0	126010.0
-513	126722.0	125198.0
-512	125301.0	124514.0
-511	124999.0	125674.0
-510	126656.0	125028.0
-509	125232.0	124312.0
-508	124919.0	125351.0
-507	126471.0	125294.0
-506	125215.0	124421.0
-505	125250.0	125406.0
-504	126358.0	125513.0
-503	125517.0	124535.0
-502	124967.0	125641.0
-501	126794.0	125075.0
-500	124846.0	124391.0
-499	124857.0	125424.0
-498	126670.0	125276.0
-497	125220.0	124330.0
-496	125303.0	125554.0
-495	126368.0	125198.0
-494	124957.0	124615.0
-493	124889.0	125635.0
-492	126470.0	125323.0
-491	124904.0	124538.0
-490	125515.0	125546.0
-489	126475.0	125338.0
-488	124887.0	124145.0
-487	125169.0	125520.0
-486	126684.0	125462.0
-485	124959.0	124253.0
-484	125039.0	125393.0
-483	126271.0	125513.0
-482	125485.0	123960.0
-481	125236.0	125483.0
-480	126543.0	125304.0
-479	125228.0	124048.0
-478	125091.0	125551.0
-477	126780.0	125198.0
-476	125177.0	123953.0
-475	125359.0	125654.0
-474	126500.0	124960.0
-473	125211.0	124632.0
-472	125383.0	125839.0
-471	126378.0	124998.0
-470	124924.0	124674.0
-469	125136.0	125555.0
-468	126524.0	125613.0
-467	125100.0	124553.0
-466	125276.0	125469.0
-465	126623.0	125080.0
-464	125065.0	124404.0
-463	124831.0	125517.0
-462	126459.0	125358.0
-461	125578.0	124870.0
-460	125114.0	125577.0
-459	126819.0	125114.0
-458	125411.0	124524.0
-457	125183.0	125420.0
-456	126352.0	125294.0
-455	125050.0	124905.0
-454	125346.0	125521.0
-453	126567.0	125310.0
-452	125580.0	124330.0
-451	124875.0	125345.0
-450	126655.0	125580.0
-449	125023.0	124690.0
-448	125233.0	125577.0
-447	126652.0	125347.0
-446	125428.0	124633.0
-445	125301.0	125537.0
-444	126464.0	125519.0
-443	125670.0	124670.0
-442	125256.0	125722.0
-441	126216.0	125403.0
-440	125414.0	124873.0
-439	125537.0	125329.0
-438	126678.0	125431.0
-437	125155.0	124715.0
-436	125129.0	125518.0
-435	126763.0	125017.0
-434	125384.0	124783.0
-433	125183.0	125824.0
-432	126952.0	125602.0
-431	125374.0	124244.0
-430	125478.0	125752.0
-429	126469.0	125550.0
-428	125368.0	124365.0
-427	125494.0	125534.0
-426	126683.0	125772.0
-425	125497.0	124961.0
-424	125069.0	125314.0
-423	126751.0	125559.0
-422	125233.0	124840.0
-421	125310.0	125947.0
-420	127125.0	125318.0
-419	125436.0	124598.0
-418	124951.0	125614.0
-417	126950.0	125813.0
-416	125303.0	124806.0
-415	125624.0	125979.0
-414	127110.0	125773.0
-413	125669.0	124851.0
-412	125661.0	125992.0
-411	126802.0	125815.0
-410	125535.0	125080.0
-409	125376.0	125744.0
-408	126688.0	125461.0
-407	125303.0	124630.0
-406	125678.0	125794.0
-405	126932.0	125826.0
-404	125722.0	124735.0
-403	125266.0	125920.0
-402	126478.0	125729.0
-401	125320.0	124671.0
-400	125330.0	126168.0
-399	126924.0	125820.0
-398	125369.0	124461.0
-397	124913.0	125760.0
-396	126896.0	125695.0
-395	125772.0	125107.0
-394	125544.0	125912.0
-393	126962.0	125742.0
-392	125295.0	124641.0
-391	125187.0	125763.0
-390	127030.0	125977.0
-389	125161.0	125036.0
-388	125132.0	125927.0
-387	126775.0	126015.0
-386	125390.0	124869.0
-385	124908.0	125846.0
-384	126637.0	125604.0
-383	125540.0	124979.0
-382	125852.0	125956.0
-381	126891.0	125958.0
-380	125372.0	124685.0
-379	125493.0	126275.0
-378	126999.0	125936.0
-377	125881.0	124872.0
-376	125764.0	125916.0
-375	127037.0	126003.0
-374	125402.0	125060.0
-373	125912.0	125951.0
-372	127141.0	125974.0
-371	125435.0	125266.0
-370	125828.0	126058.0
-369	127147.0	125670.0
-368	125682.0	124887.0
-367	125534.0	126238.0
-366	126982.0	126254.0
-365	125640.0	125217.0
-364	126062.0	126425.0
-363	127266.0	125954.0
-362	125810.0	125255.0
-361	125676.0	126402.0
-360	127221.0	126007.0
-359	125746.0	125071.0
-358	125924.0	126178.0
-357	127075.0	126265.0
-356	125472.0	125308.0
-355	125813.0	126330.0
-354	127095.0	126592.0
-353	125896.0	124852.0
-352	125791.0	125984.0
-351	127553.0	126443.0
-350	125631.0	125265.0
-349	125571.0	126514.0
-348	127708.0	126388.0
-347	126055.0	125256.0
-346	126057.0	126681.0
-345	127678.0	126378.0
-344	126041.0	125116.0
-343	126129.0	126408.0
-342	127309.0	126062.0
-341	125852.0	125626.0
-340	126208.0	126653.0
-339	127617.0	126469.0
-338	125907.0	125368.0
-337	126304.0	126833.0
-336	127725.0	126574.0
-335	125556.0	125832.0
-334	126166.0	126579.0
-333	128147.0	126176.0
-332	126344.0	125668.0
-331	126059.0	126426.0
-330	127778.0	126011.0
-329	126141.0	125659.0
-328	126226.0	126767.0
-327	127524.0	126388.0
-326	126456.0	125280.0
-325	126615.0	126539.0
-324	128017.0	126668.0
-323	126387.0	125709.0
-322	126512.0	127120.0
-321	127931.0	127170.0
-320	125873.0	125694.0
-319	126182.0	126760.0
-318	128197.0	126863.0
-317	126334.0	125845.0
-316	126580.0	126628.0
-315	128116.0	127187.0
-314	126585.0	125800.0
-313	126108.0	126728.0
-312	128272.0	126568.0
-311	126618.0	126139.0
-310	126534.0	126970.0
-309	128248.0	127178.0
-308	126928.0	125943.0
-307	126307.0	126935.0
-306	128097.0	127089.0
-305	126840.0	126252.0
-304	126517.0	127270.0
-303	128552.0	127170.0
-302	126773.0	125622.0
-301	126271.0	127341.0
-300	128163.0	127055.0
-299	126417.0	126139.0
-298	126542.0	127069.0
-297	128329.0	127048.0
-296	126589.0	126148.0
-295	126264.0	127301.0
-294	128589.0	127035.0
-293	126622.0	126106.0
-292	126482.0	127395.0
-291	128343.0	127494.0
-290	126583.0	126060.0
-289	126685.0	126985.0
-288	128808.0	127271.0
-287	126622.0	125781.0
-286	126942.0	127970.0
-285	129077.0	127028.0
-284	127093.0	126056.0
-283	126962.0	127252.0
-282	128972.0	127307.0
-281	127412.0	126191.0
-280	127018.0	127516.0
-279	128611.0	127099.0
-278	127089.0	126708.0
-277	127043.0	127404.0
-276	128706.0	127486.0
-275	126958.0	126132.0
-274	127120.0	127446.0
-273	128714.0	127492.0
-272	126908.0	126361.0
-271	127006.0	127648.0
-270	129106.0	127626.0
-269	127012.0	126585.0
-268	127124.0	127933.0
-267	129232.0	127583.0
-266	127405.0	126394.0
-265	126879.0	128124.0
-264	128885.0	127768.0
-263	127301.0	126345.0
-262	127046.0	128122.0
-261	129444.0	128075.0
-260	127363.0	126339.0
-259	127044.0	128004.0
-258	129198.0	127519.0
-257	127112.0	126750.0
-256	127293.0	128275.0
-255	128744.0	127621.0
-254	127167.0	126552.0
-253	127276.0	128113.0
-252	129093.0	127564.0
-251	127142.0	126184.0
-250	127384.0	128293.0
-249	129074.0	128003.0
-248	127493.0	126352.0
-247	127201.0	127891.0
-246	129250.0	128079.0
-245	127810.0	126976.0
-244	127277.0	128092.0
-243	129288.0	128027.0
-242	127582.0	126564.0
-241	127633.0	128068.0
-240	129373.0	128068.0
-239	127876.0	127092.0
-238	127756.0	128200.0
-237	129204.0	127860.0
-236	127756.0	126967.0
-235	128167.0	128464.0
-234	129256.0	128127.0
-233	127581.0	126900.0
-232	127938.0	128212.0
-231	129447.0	127913.0
-230	127945.0	127122.0
-229	127655.0	128657.0
-228	129550.0	127950.0
-227	127849.0	127226.0
-226	127843.0	128611.0
-225	130125.0	128313.0
-224	127959.0	126899.0
-223	127765.0	128599.0
-222	130126.0	128445.0
-221	127946.0	127305.0
-220	127821.0	128814.0
-219	129925.0	128012.0
-218	128214.0	127435.0
-217	128361.0	128612.0
-216	129766.0	128137.0
-215	128322.0	126991.0
-214	128183.0	128591.0
-213	130069.0	128741.0
-212	128337.0	127032.0
-211	127951.0	128492.0
-210	130337.0	128432.0
-209	127765.0	127616.0
-208	127873.0	129042.0
-207	130311.0	128942.0
-206	128403.0	127787.0
-205	129043.0	129408.0
-204	130470.0	128588.0
-203	128175.0	127532.0
-202	128492.0	128834.0
-201	129688.0	128611.0
-200	128195.0	127522.0
-199	128582.0	129112.0
-198	130220.0	128923.0
-197	128009.0	127771.0
-196	128217.0	128950.0
-195	130163.0	129220.0
-194	128494.0	127914.0
-193	128316.0	129104.0
-192	130172.0	128943.0
-191	128594.0	128164.0
-190	128931.0	129172.0
-189	130144.0	128582.0
-188	128694.0	128091.0
-187	128838.0	129638.0
-186	130470.0	129308.0
-185	128690.0	127912.0
-184	128672.0	128968.0
-183	130313.0	129531.0
-182	128581.0	128247.0
-181	128776.0	129690.0
-180	130893.0	129660.0
-179	128778.0	128177.0
-178	128775.0	129317.0
-177	131101.0	129514.0
-176	128781.0	128106.0
-175	128934.0	130032.0
-174	131176.0	129763.0
-173	129040.0	128351.0
-172	129313.0	129774.0
-171	130809.0	129565.0
-170	129076.0	128342.0
-169	129163.0	130256.0
-168	131211.0	129801.0
-167	129328.0	128574.0
-166	129383.0	130052.0
-165	131116.0	129811.0
-164	129182.0	128514.0
-163	129134.0	129884.0
-162	131258.0	129959.0
-161	129025.0	128786.0
-160	128933.0	130059.0
-159	131701.0	129690.0
-158	129758.0	128466.0
-157	129306.0	130361.0
-156	131378.0	129738.0
-155	129363.0	128947.0
-154	129568.0	130451.0
-153	131548.0	130047.0
-152	129174.0	129292.0
-151	129015.0	130630.0
-150	131141.0	130663.0
-149	129106.0	129052.0
-148	129171.0	130169.0
-147	131089.0	129881.0
-146	129438.0	128981.0
-145	129729.0	130185.0
-144	131390.0	130258.0
-143	129324.0	129067.0
-142	129500.0	130779.0
-141	131431.0	130046.0
-140	129275.0	129077.0
-139	129665.0	130579.0
-138	131989.0	130286.0
-137	129636.0	129304.0
-136	130006.0	131123.0
-135	132047.0	130522.0
-134	129908.0	129224.0
-133	130130.0	130869.0
-132	131569.0	130726.0
-131	130006.0	129606.0
-130	129982.0	131455.0
-129	132484.0	131362.0
-128	130332.0	130102.0
-127	130338.0	131723.0
-126	132896.0	131445.0
-125	130912.0	130053.0
-124	130898.0	131668.0
-123	133390.0	131804.0
-122	130891.0	130134.0
-121	131467.0	132095.0
-120	133533.0	131956.0
-119	131326.0	131031.0
-118	131875.0	132528.0
-117	133559.0	132707.0
-116	132211.0	131288.0
-115	132379.0	132847.0
-114	134495.0	132920.0
-113	132810.0	132137.0
-112	133035.0	133613.0
-111	135270.0	133459.0
-110	133311.0	132665.0
-109	133475.0	134184.0
-108	135646.0	133510.0
-107	133710.0	132567.0
-106	134298.0	134618.0
-105	136242.0	134820.0
-104	134373.0	133695.0
-103	134486.0	135008.0
-102	137156.0	134998.0
-101	135022.0	133723.0
-100	135317.0	135701.0
-99	137818.0	135852.0
-98	135872.0	134526.0
-97	135707.0	136587.0
-96	138177.0	136411.0
-95	135972.0	135042.0
-94	136594.0	137222.0
-93	139272.0	137141.0
-92	137150.0	136151.0
-91	137414.0	137932.0
-90	139683.0	137912.0
-89	137747.0	136565.0
-88	137491.0	138538.0
-87	140553.0	138665.0
-86	138762.0	136987.0
-85	138427.0	139012.0
-84	140663.0	138987.0
-83	139629.0	138546.0
-82	139719.0	140193.0
-81	142270.0	139914.0
-80	141063.0	139032.0
-79	141364.0	140558.0
-78	142873.0	141128.0
-77	140064.0	139477.0
-76	144525.0	141554.0
-75	139975.0	141256.0
-74	139091.0	140669.0
-73	142628.0	142367.0
-72	143939.0	142498.0
-71	142503.0	140992.0
-70	142604.0	143234.0
-69	144541.0	143638.0
-68	143767.0	141941.0
-67	145079.0	143997.0
-66	147613.0	144083.0
-65	145126.0	142715.0
-64	145062.0	145031.0
-63	147556.0	145225.0
-62	145449.0	143797.0
-61	145445.0	146346.0
-60	148188.0	146015.0
-59	146222.0	144760.0
-58	146164.0	146800.0
-57	149664.0	146883.0
-56	147421.0	145650.0
-55	147780.0	147670.0
-54	150637.0	147603.0
-53	147908.0	146481.0
-52	148169.0	148367.0
-51	150760.0	148874.0
-50	148873.0	147414.0
-49	149474.0	149749.0
-48	152208.0	149500.0
-47	150059.0	148623.0
-46	150571.0	150777.0
-45	153823.0	150320.0
-44	150926.0	149544.0
-43	151527.0	151505.0
-42	154821.0	151469.0
-41	151639.0	150273.0
-40	152580.0	152431.0
-39	154681.0	152909.0
-38	152855.0	151275.0
-37	153173.0	154068.0
-36	156596.0	153284.0
-35	154053.0	152183.0
-34	154965.0	154449.0
-33	158030.0	154725.0
-32	155143.0	152843.0
-31	155444.0	155472.0
-30	158664.0	155611.0
-29	156039.0	154229.0
-28	156999.0	156174.0
-27	159204.0	156765.0
-26	157197.0	155309.0
-25	157822.0	157857.0
-24	161283.0	157883.0
-23	158128.0	156443.0
-22	158920.0	158865.0
-21	162302.0	158899.0
-20	159553.0	157011.0
-19	160092.0	159605.0
-18	162715.0	160366.0
-17	160799.0	158889.0
-16	161401.0	161115.0
-15	164060.0	161462.0
-14	162057.0	160217.0
-13	162287.0	162537.0
-12	165709.0	161776.0
-11	162613.0	161401.0
-10	162584.0	164246.0
-9	165649.0	163087.0
-8	162554.0	162597.0
-7	162992.0	163692.0
-6	166119.0	163819.0
-5	163335.0	162577.0
-4	164202.0	167610.0
-3	168040.0	166026.0
-2	156434.0	158617.0
-1	156318.0	186467.0
0	3710.0	158457.0
1	156163.0	155864.0
2	155995.0	163626.0
3	166523.0	163926.0
4	163278.0	164992.0
5	162463.0	166902.0
6	164831.0	165388.0
7	162655.0	164554.0
8	162151.0	166632.0
9	164560.0	165412.0
10	162007.0	163597.0
11	161912.0	164690.0
12	165013.0	164810.0
13	161747.0	162565.0
14	161172.0	164061.0
15	163337.0	163713.0
16	160972.0	161610.0
17	160347.0	163395.0
18	162165.0	162937.0
19	159538.0	160759.0
20	158902.0	161720.0
21	161413.0	161695.0
22	158712.0	159044.0
23	157809.0	161271.0
24	160028.0	160274.0
25	156638.0	158278.0
26	156336.0	159974.0
27	158522.0	159608.0
28	155646.0	157093.0
29	155234.0	158946.0
30	158054.0	158319.0
31	154653.0	156531.0
32	154699.0	157394.0
33	157134.0	157029.0
34	154408.0	154577.0
35	153818.0	156709.0
36	155949.0	155542.0
37	152782.0	153799.0
38	152104.0	155632.0
39	154424.0	155472.0
40	152158.0	152983.0
41	151727.0	154878.0
42	153497.0	154125.0
43	151012.0	152038.0
44	150888.0	153556.0
45	152836.0	153027.0
46	150167.0	151223.0
47	149770.0	152603.0
48	151605.0	152027.0
49	148385.0	149871.0
50	148444.0	151104.0
51	150316.0	150608.0
52	148030.0	149350.0
53	147596.0	150341.0
54	149585.0	149967.0
55	146829.0	147749.0
56	146817.0	149343.0
57	148745.0	148406.0
58	145912.0	147086.0
59	145412.0	148775.0
60	146931.0	148253.0
61	145074.0	146789.0
62	144630.0	148082.0
63	146850.0	148795.0
64	144446.0	146796.0
65	144776.0	149321.0
66	146853.0	148459.0
67	144434.0	142181.0
68	143124.0	140962.0
69	143604.0	143123.0
70	142506.0	138363.0
71	141987.0	142815.0
72	143571.0	157317.0
73	141995.0	144817.0
74	138791.0	118456.0
75	139315.0	148441.0
76	143650.0	150128.0
77	139252.0	143267.0
78	142421.0	141869.0
79	140926.0	139938.0
80	141008.0	141838.0
81	142049.0	140728.0
82	139396.0	138344.0
83	138757.0	140642.0
84	140270.0	141082.0
85	138308.0	139120.0
86	138602.0	140398.0
87	140053.0	140317.0
88	137784.0	139220.0
89	137288.0	139872.0
90	139240.0	139220.0
91	137226.0	137601.0
92	136563.0	138894.0
93	138469.0	138574.0
94	136598.0	136610.0
95	136109.0	138396.0
96	138112.0	138110.0
97	135547.0	136147.0
98	135584.0	137504.0
99	137325.0	137275.0
100	134925.0	135328.0
101	134760.0	136590.0
102	136562.0	136109.0
103	133901.0	134382.0
104	134127.0	135996.0
105	135663.0	135679.0
106	133455.0	134183.0
107	133409.0	134832.0
108	135542.0	135621.0
109	133077.0	133252.0
110	132384.0	135037.0
111	134598.0	134572.0
112	132972.0	133018.0
113	132090.0	133943.0
114	133966.0	133383.0
115	131955.0	131964.0
116	131855.0	132987.0
117	133300.0	132939.0
118	131279.0	131151.0
119	130965.0	132706.0
120	133355.0	132574.0
121	130821.0	130643.0
122	130822.0	132193.0
123	132531.0	131639.0
124	130705.0	130367.0
125	130589.0	131513.0
126	132184.0	131708.0
127	130204.0	130066.0
128	129888.0	132225.0
129	131743.0	131729.0
130	129646.0	130438.0
131	129475.0	131370.0
132	131301.0	130573.0
133	129208.0	128983.0
134	129390.0	129847.0
135	131306.0	129529.0
136	129272.0	127810.0
137	129002.0	128407.0
138	130809.0	127787.0
139	129731.0	126098.0
140	128988.0	127929.0
141	131239.0	129437.0
142	128978.0	130986.0
143	128504.0	132779.0
144	130912.0	131916.0
145	129023.0	128827.0
146	128824.0	128805.0
147	130591.0	130703.0
148	128864.0	125575.0
149	128887.0	128621.0
150	130874.0	124742.0
151	129095.0	128361.0
152	128394.0	130074.0
153	131055.0	129917.0
154	129003.0	128767.0
155	128438.0	131202.0
156	130733.0	131231.0
157	128660.0	129532.0
158	129342.0	131181.0
159	130589.0	130770.0
160	128910.0	128672.0
161	128608.0	130545.0
162	130753.0	130682.0
163	128965.0	128572.0
164	128569.0	130397.0
165	130559.0	130281.0
166	128578.0	128789.0
167	128787.0	130245.0
168	130849.0	129940.0
169	129074.0	128223.0
170	128484.0	130194.0
171	130508.0	129694.0
172	128873.0	128257.0
173	128491.0	129717.0
174	130293.0	129650.0
175	128386.0	128597.0
176	128541.0	129487.0
177	130103.0	130086.0
178	128816.0	127923.0
179	128267.0	129777.0
180	130057.0	129432.0
181	128771.0	128193.0
182	128064.0	129345.0
183	129966.0	129272.0
184	127998.0	128070.0
185	128248.0	129499.0
186	130012.0	129390.0
187	128011.0	127979.0
188	128276.0	129618.0
189	129715.0	129421.0
190	128095.0	127809.0
191	127825.0	129644.0
192	129543.0	128680.0
193	127965.0	127619.0
194	128176.0	129377.0
195	129964.0	129316.0
196	128134.0	127619.0
197	127196.0	129503.0
198	129332.0	129238.0
199	127910.0	127664.0
200	127694.0	129078.0
201	129409.0	129170.0
202	127830.0	127745.0
203	127915.0	129176.0
204	129452.0	128575.0
205	127712.0	127509.0
206	127511.0	129012.0
207	129591.0	128984.0
208	127601.0	127213.0
209	127606.0	129112.0
210	128620.0	128809.0
211	127228.0	127541.0
212	127797.0	129164.0
213	128982.0	128926.0
214	127533.0	127240.0
215	127188.0	128734.0
216	129091.0	128410.0
217	127155.0	127325.0
218	127375.0	128498.0
219	129020.0	128905.0
220	127187.0	127172.0
221	126949.0	128717.0
222	128556.0	128507.0
223	127275.0	127052.0
224	127021.0	128714.0
225	129003.0	128629.0
226	127078.0	127550.0
227	127132.0	128615.0
228	128771.0	128520.0
229	126723.0	127231.0
230	127149.0	128789.0
231	128726.0	128092.0
232	126840.0	127260.0
233	127106.0	128429.0
234	128925.0	128034.0
235	126895.0	126619.0
236	126845.0	128247.0
237	128388.0	128273.0
238	127123.0	127107.0
239	126777.0	128291.0
240	128576.0	127568.0
241	127168.0	127041.0
242	126872.0	128164.0
243	128294.0	127848.0
244	126863.0	126997.0
245	126801.0	128259.0
246	128352.0	127809.0
247	126209.0	126726.0
248	126971.0	128157.0
249	128338.0	128163.0
250	126681.0	126467.0
251	126502.0	127925.0
252	128617.0	127730.0
253	126624.0	126974.0
254	126580.0	127985.0
255	128189.0	128268.0
256	126605.0	126484.0
257	126492.0	128272.0
258	128353.0	127546.0
259	126700.0	126679.0
260	126982.0	127911.0
261	128120.0	127868.0
262	126531.0	126625.0
263	126537.0	127922.0
264	128211.0	127533.0
265	126131.0	126256.0
266	126736.0	128012.0
267	128354.0	127925.0
268	126695.0	125956.0
269	126504.0	127721.0
270	128249.0	127778.0
271	126523.0	126345.0
272	126547.0	128069.0
273	127840.0	127499.0
274	126235.0	126667.0
275	126437.0	127956.0
276	127852.0	127721.0
277	126284.0	126263.0
278	126232.0	128114.0
279	128398.0	127563.0
280	126363.0	126572.0
281	126412.0	127920.0
282	127759.0	127808.0
283	126198.0	126613.0
284	126452.0	128103.0
285	127992.0	127357.0
286	126144.0	126187.0
287	126349.0	127446.0
288	127834.0	127610.0
289	126466.0	126171.0
290	126757.0	127734.0
291	127608.0	127469.0
292	126509.0	126256.0
293	126179.0	127536.0
294	127771.0	127272.0
295	126064.0	125870.0
296	126287.0	127043.0
297	127875.0	127571.0
298	126631.0	126223.0
299	125967.0	127302.0
300	127882.0	127267.0
301	126199.0	126103.0
302	126214.0	127516.0
303	127500.0	127607.0
304	126359.0	126283.0
305	125625.0	127268.0
306	127551.0	127035.0
307	126053.0	126248.0
308	126719.0	127529.0
309	127481.0	127274.0
310	126099.0	125908.0
311	125950.0	127547.0
312	127111.0	126995.0
313	126134.0	125994.0
314	126255.0	127477.0
315	127658.0	127272.0
316	126276.0	125860.0
317	125951.0	127130.0
318	127661.0	127072.0
319	126219.0	125575.0
320	125747.0	127223.0
321	127210.0	126890.0
322	125638.0	125897.0
323	125611.0	127098.0
324	127475.0	126763.0
325	126092.0	125524.0
326	125818.0	127049.0
327	127199.0	126700.0
328	126162.0	125438.0
329	125954.0	127173.0
330	127133.0	126817.0
331	125916.0	125563.0
332	125465.0	127790.0
333	127232.0	126988.0
334	125599.0	125487.0
335	125633.0	127147.0
336	127562.0	126549.0
337	125956.0	125463.0
338	125621.0	126875.0
339	127247.0	126614.0
340	125784.0	125296.0
341	125851.0	126789.0
342	127539.0	126476.0
343	125639.0	125575.0
344	125558.0	127034.0
345	127225.0	126817.0
346	125676.0	125370.0
347	125523.0	126852.0
348	126856.0	126562.0
349	125712.0	125354.0
350	126177.0	126476.0
351	127015.0	126219.0
352	125065.0	125190.0
353	125664.0	126584.0
354	126833.0	126652.0
355	125231.0	125580.0
356	126069.0	126716.0
357	126870.0	126465.0
358	125491.0	125225.0
359	125519.0	126926.0
360	126888.0	126655.0
361	125465.0	124818.0
362	125545.0	126583.0
363	126907.0	126585.0
364	125667.0	125197.0
365	125082.0	126493.0
366	126690.0	126134.0
367	125643.0	125488.0
368	125279.0	126623.0
369	127155.0	126586.0
370	125006.0	124991.0
371	125602.0	126546.0
372	126521.0	126268.0
373	125413.0	125062.0
374	125318.0	126216.0
375	126727.0	125948.0
376	125755.0	125241.0
377	124959.0	126379.0
378	126530.0	126355.0
379	125216.0	125043.0
380	125295.0	126416.0
381	126840.0	126145.0
382	125166.0	125130.0
383	125236.0	126316.0
384	126801.0	126063.0
385	125030.0	125036.0
386	125450.0	125826.0
387	126695.0	126127.0
388	125085.0	125019.0
389	125250.0	126325.0
390	126450.0	126069.0
391	125118.0	125054.0
392	124962.0	125657.0
393	126510.0	126132.0
394	124884.0	125100.0
395	124905.0	126522.0
396	126378.0	125685.0
397	124607.0	124968.0
398	124946.0	126483.0
399	126498.0	126037.0
400	125223.0	125243.0
401	125317.0	126136.0
402	126097.0	126019.0
403	125101.0	124927.0
404	125260.0	125998.0
405	125811.0	125718.0
406	124588.0	125256.0
407	125176.0	126115.0
408	126350.0	125708.0
409	124968.0	124959.0
410	124816.0	126238.0
411	126171.0	126013.0
412	125139.0	124835.0
413	124710.0	126154.0
414	126254.0	125832.0
415	124871.0	125186.0
416	124819.0	125568.0
417	126262.0	125913.0
418	125018.0	124878.0
419	124543.0	126079.0
420	126224.0	126097.0
421	124975.0	124896.0
422	125039.0	126296.0
423	126080.0	125532.0
424	124819.0	124618.0
425	125122.0	126435.0
426	125768.0	125443.0
427	124735.0	124711.0
428	124523.0	125901.0
429	126053.0	126162.0
430	124821.0	124243.0
431	124569.0	125749.0
432	126516.0	125485.0
433	124565.0	124583.0
434	124722.0	125991.0
435	125764.0	125672.0
436	124882.0	124881.0
437	124855.0	126132.0
438	125770.0	125907.0
439	124322.0	124736.0
440	124543.0	125872.0
441	125605.0	125490.0
442	124219.0	124457.0
443	124716.0	125693.0
444	125914.0	125521.0
445	124347.0	124523.0
446	124667.0	125864.0
447	125792.0	125529.0
448	124208.0	124375.0
449	124662.0	125645.0
450	125811.0	125248.0
451	124517.0	124608.0
452	124698.0	125697.0
453	125470.0	125194.0
454	125007.0	124216.0
455	124884.0	126038.0
456	125786.0	125334.0
457	124374.0	124587.0
458	124335.0	125857.0
459	125945.0	125869.0
460	124537.0	124743.0
461	124517.0	125822.0
462	125219.0	125336.0
463	124565.0	124368.0
464	124870.0	125634.0
465	125906.0	125208.0
466	124736.0	124393.0
467	124475.0	125229.0
468	125582.0	125439.0
469	124549.0	124503.0
470	124580.0	125644.0
471	125836.0	125571.0
472	124119.0	124375.0
473	124042.0	125692.0
474	125290.0	125204.0
475	124448.0	124452.0
476	124582.0	126001.0
477	125650.0	125280.0
478	124263.0	124412.0
479	124857.0	125959.0
480	125495.0	125650.0
481	124419.0	124474.0
482	124269.0	125530.0
483	125735.0	125565.0
484	124579.0	124451.0
485	124792.0	125423.0
486	125498.0	125198.0
487	124330.0	124295.0
488	124526.0	125778.0
489	125350.0	125319.0
490	124178.0	124792.0
491	124225.0	125378.0
492	125836.0	125586.0
493	124215.0	124637.0
494	124261.0	125451.0
495	125892.0	125064.0
496	123860.0	124954.0
497	124381.0	125917.0
498	125528.0	125366.0
499	124329.0	124180.0
500	124592.0	124859.0
501	125381.0	125265.0
502	124392.0	124461.0
503	124667.0	125694.0
504	125931.0	125087.0
505	124117.0	124440.0
506	124288.0	125338.0
507	125463.0	125120.0
508	124542.0	124799.0
509	124743.0	125260.0
510	125475.0	125076.0
511	124317.0	124355.0
512	124673.0	125589.0
513	125777.0	125236.0
514	124494.0	124215.0
515	124541.0	125652.0
516	125949.0	125254.0
517	124607.0	124489.0
518	124572.0	125777.0
519	125686.0	125336.0
520	124692.0	124619.0
521	124165.0	125161.0
522	125273.0	125261.0
523	123979.0	124504.0
524	124162.0	125172.0
525	125181.0	125206.0
526	124639.0	124468.0
527	124660.0	125719.0
528	125280.0	125258.0
529	124238.0	124395.0
530	124765.0	125619.0
531	125728.0	125304.0
532	124095.0	124283.0
533	124561.0	125481.0
534	125541.0	125487.0
535	124332.0	124542.0
536	124282.0	125514.0
537	125839.0	125133.0
538	124497.0	123748.0
539	124537.0	125415.0
540	125530.0	125598.0
541	124287.0	124931.0
542	124502.0	125668.0
543	125897.0	125296.0
544	124393.0	124469.0
545	124356.0	125608.0
546	126094.0	124907.0
547	124581.0	124607.0
548	124433.0	125553.0
549	125296.0	125361.0
550	124452.0	124491.0
551	124287.0	125619.0
552	125588.0	125274.0
553	124775.0	124745.0
554	124633.0	125674.0
555	125757.0	125192.0
556	124344.0	124263.0
557	124599.0	125299.0
558	125378.0	125230.0
559	124461.0	124403.0
560	124671.0	125397.0
561	125171.0	125086.0
562	124619.0	124487.0
563	124427.0	125149.0
564	125451.0	125177.0
565	124190.0	124273.0
566	124279.0	125263.0
567	125311.0	125452.0
568	124540.0	124212.0
569	124605.0	125465.0
570	124889.0	124838.0
571	124406.0	124528.0
572	124103.0	125329.0
573	125407.0	125257.0
574	124499.0	124454.0
575	124599.0	125595.0
576	125208.0	125491.0
577	124713.0	124355.0
578	124746.0	125052.0
579	125489.0	124753.0
580	124295.0	124408.0
581	124261.0	125200.0
582	125023.0	125138.0
583	124609.0	124417.0
584	124931.0	125148.0
585	125207.0	125281.0
586	123929.0	124389.0
587	124260.0	125435.0
588	124935.0	125077.0
589	124583.0	124293.0
590	124382.0	125186.0
591	125854.0	124889.0
592	124488.0	124117.0
593	124319.0	124980.0
594	125357.0	125240.0
595	124414.0	124222.0
596	124016.0	125087.0
597	125142.0	125391.0
598	124217.0	124226.0
599	124208.0	125299.0
600	125077.0	124671.0
601	124196.0	123833.0
602	124219.0	124823.0
603	124831.0	125034.0
604	124235.0	124264.0
605	124054.0	124844.0
606	125114.0	124878.0
607	124454.0	124222.0
608	124089.0	124912.0
609	125256.0	125088.0
610	124062.0	124385.0
611	124332.0	124805.0
612	124927.0	124904.0
613	124117.0	124202.0
614	124112.0	124811.0
615	124901.0	125333.0
616	124205.0	124097.0
617	124770.0	125158.0
618	124655.0	124769.0
619	123873.0	124500.0
620	124264.0	125156.0
621	125028.0	124754.0
622	123822.0	124193.0
623	124040.0	124949.0
624	124979.0	124878.0
625	124355.0	123989.0
626	123972.0	125040.0
627	125187.0	124483.0
628	124043.0	124228.0
629	124254.0	125092.0
630	124827.0	124547.0
631	124039.0	124066.0
632	124086.0	124673.0
633	124391.0	124732.0
634	124210.0	124109.0
635	123816.0	124797.0
636	125033.0	125003.0
637	124041.0	124165.0
638	124050.0	124900.0
639	125199.0	124954.0
640	124221.0	123984.0
641	124094.0	125177.0
642	124681.0	124432.0
643	123992.0	123949.0
644	124483.0	124753.0
645	124700.0	124111.0
646	123946.0	124190.0
647	124179.0	124581.0
648	124904.0	124871.0
649	123923.0	123920.0
650	124400.0	124945.0
651	125097.0	124300.0
652	123946.0	123807.0
653	124331.0	124832.0
654	125028.0	124801.0
655	124096.0	123892.0
656	123686.0	125041.0
657	124989.0	124767.0
658	124212.0	123371.0
659	123807.0	125059.0
660	125191.0	124726.0
661	123961.0	124409.0
662	124677.0	124630.0
663	124689.0	124514.0
664	124471.0	124265.0
665	124492.0	124593.0
666	125084.0	124294.0
667	123812.0	124474.0
668	124045.0	124967.0
669	124958.0	124524.0
670	124124.0	124693.0
671	124556.0	124825.0
672	125206.0	124561.0
673	124195.0	124249.0
674	124131.0	124778.0
675	124833.0	124749.0
676	123999.0	124055.0
677	124075.0	124733.0
678	124731.0	124705.0
679	124022.0	123795.0
680	123949.0	124675.0
681	125228.0	124670.0
682	124228.0	123791.0
683	123840.0	124755.0
684	124603.0	124635.0
685	123993.0	124112.0
686	124119.0	124758.0
687	124783.0	124440.0
688	123925.0	124444.0
689	124139.0	124932.0
690	124961.0	124353.0
691	123697.0	123961.0
692	124151.0	124717.0
693	124767.0	124447.0
694	124020.0	123945.0
695	124233.0	124920.0
696	124855.0	124741.0
697	124016.0	124437.0
698	124261.0	124318.0
699	124653.0	124308.0
700	123725.0	123987.0
701	124220.0	124990.0
702	124806.0	124525.0
703	123796.0	123887.0
704	123523.0	124731.0
705	124838.0	124496.0
706	123785.0	124028.0
707	124130.0	124782.0
708	124820.0	124352.0
709	123914.0	123963.0
710	124002.0	124596.0
711	124411.0	124654.0
712	124067.0	123895.0
713	124218.0	124774.0
714	124935.0	124364.0
715	123667.0	124260.0
716	123747.0	124748.0
717	124634.0	124244.0
718	123736.0	124135.0
719	124229.0	124379.0
720	124486.0	124249.0
721	123854.0	123587.0
722	123716.0	124813.0
723	124663.0	124561.0
724	124097.0	123598.0
725	123393.0	124897.0
726	124628.0	124683.0
727	123914.0	124211.0
728	123790.0	124204.0
729	124702.0	124393.0
730	123981.0	123921.0
731	123570.0	124139.0
732	124489.0	124052.0
733	123949.0	124086.0
734	123548.0	123879.0
735	124488.0	124251.0
736	123947.0	124310.0
737	124138.0	124528.0
738	124418.0	124600.0
739	123950.0	123858.0
740	124413.0	124394.0
741	124418.0	124171.0
742	123653.0	123943.0
743	123951.0	124750.0
744	124382.0	124325.0
745	123596.0	123637.0
746	124056.0	124662.0
747	124734.0	124053.0
748	123876.0	124021.0
749	124015.0	124279.0
750	124308.0	124372.0
751	123926.0	123898.0
752	123788.0	124479.0
753	124579.0	124216.0
754	123999.0	123817.0
755	123818.0	124894.0
756	124553.0	124062.0
757	123807.0	123767.0
758	124135.0	124657.0
759	124687.0	124444.0
760	123838.0	123302.0
761	123569.0	124430.0
762	124364.0	124187.0
763	123856.0	123660.0
764	123908.0	124312.0
765	124304.0	124025.0
766	124250.0	123962.0
767	123694.0	124141.0
768	124610.0	124179.0
769	123806.0	123653.0
770	124084.0	124587.0
771	124481.0	124066.0
772	123457.0	123807.0
773	123761.0	124358.0
774	124148.0	124192.0
775	123770.0	123722.0
776	123802.0	123913.0
777	124481.0	124551.0
778	123868.0	123628.0
779	123693.0	124486.0
780	124515.0	123975.0
781	123492.0	123717.0
782	124041.0	123744.0
783	124362.0	124002.0
784	123681.0	123771.0
785	123803.0	124248.0
786	124517.0	123774.0
787	124165.0	123445.0
788	123768.0	123920.0
789	124544.0	124363.0
790	123870.0	123573.0
791	123625.0	124423.0
792	124299.0	124178.0
793	123894.0	123717.0
794	123401.0	124409.0
795	124110.0	124130.0
796	124050.0	123590.0
797	123730.0	124304.0
798	123877.0	123786.0
799	123582.0	123765.0
800	123770.0	124481.0
801	124348.0	124238.0
802	123978.0	123563.0
803	123878.0	124260.0
804	124518.0	123938.0
805	124031.0	123805.0
806	123581.0	124495.0
807	124561.0	124601.0
808	123851.0	123670.0
809	124227.0	124274.0
810	124114.0	124157.0
811	123713.0	124288.0
812	123949.0	124273.0
813	124414.0	124330.0
814	123806.0	123781.0
815	124081.0	124206.0
816	124877.0	124129.0
817	123867.0	123604.0
818	124055.0	124756.0
819	124451.0	123992.0
820	123549.0	123841.0
821	123621.0	124438.0
822	124484.0	124363.0
823	123966.0	123843.0
824	124179.0	124585.0
825	124364.0	124373.0
826	123627.0	124088.0
827	123811.0	124224.0
828	124220.0	124119.0
829	124142.0	123817.0
830	123999.0	124682.0
831	124335.0	124083.0
832	124007.0	124133.0
833	123847.0	124552.0
834	124983.0	124431.0
835	123479.0	123973.0
836	124031.0	124224.0
837	124564.0	124140.0
838	123559.0	124120.0
839	123968.0	124911.0
840	125101.0	124024.0
841	123849.0	123855.0
842	123910.0	124472.0
843	124732.0	124442.0
844	124021.0	123946.0
845	124011.0	124563.0
846	124612.0	124029.0
847	123896.0	123931.0
848	123955.0	124694.0
849	124524.0	124528.0
850	123880.0	123984.0
851	123735.0	124437.0
852	124351.0	124502.0
853	124092.0	123661.0
854	124072.0	124636.0
855	124449.0	124410.0
856	123961.0	124006.0
857	123796.0	124951.0
858	124497.0	124360.0
859	124278.0	123835.0
860	124085.0	124843.0
861	124869.0	124409.0
862	123627.0	124018.0
863	124241.0	124471.0
864	124662.0	124296.0
865	123940.0	124369.0
866	124343.0	124546.0
867	124801.0	124886.0
868	123733.0	124164.0
869	123800.0	124686.0
870	124801.0	124267.0
871	123870.0	123747.0
872	123794.0	124566.0
873	124348.0	124549.0
874	124020.0	124063.0
875	124245.0	124540.0
876	124885.0	124392.0
877	123958.0	123912.0
878	123986.0	124484.0
879	124370.0	124073.0
880	123970.0	124038.0
881	124263.0	124222.0
882	124456.0	124070.0
883	123805.0	124158.0
884	124047.0	124819.0
885	124560.0	124304.0
886	123681.0	123979.0
887	123709.0	124530.0
888	124309.0	124460.0
889	123631.0	123981.0
890	124102.0	124427.0
891	124502.0	124485.0
892	123724.0	123768.0
893	124102.0	124369.0
894	124248.0	124232.0
895	123422.0	123888.0
896	123790.0	124453.0
897	124362.0	124606.0
898	123661.0	124135.0
899	123704.0	124333.0
900	124257.0	124486.0
901	123981.0	123987.0
902	123855.0	124182.0
903	124089.0	123974.0
904	123738.0	123626.0
905	123839.0	124499.0
906	124143.0	124144.0
907	123653.0	123605.0
908	123954.0	124296.0
909	123869.0	124040.0
910	123942.0	124090.0
911	123850.0	124298.0
912	124238.0	124074.0
913	123859.0	123614.0
914	123594.0	124243.0
915	124323.0	124144.0
916	123157.0	123825.0
917	123686.0	124630.0
918	123903.0	124251.0
919	123966.0	124003.0
920	123702.0	124346.0
921	124195.0	123874.0
922	123474.0	123806.0
923	123505.0	123962.0
924	124055.0	123901.0
925	123679.0	123782.0
926	123515.0	124152.0
927	124136.0	123769.0
928	123330.0	123637.0
929	123471.0	124363.0
930	123586.0	124187.0
931	123419.0	124009.0
932	123687.0	123962.0
933	123797.0	124045.0
934	123152.0	123542.0
935	123434.0	123814.0
936	123744.0	124361.0
937	123458.0	123397.0
938	123726.0	123621.0
939	123520.0	123882.0
940	123327.0	123557.0
941	123148.0	123983.0
942	123935.0	123769.0
943	123164.0	124018.0
944	123456.0	123821.0
945	123776.0	123617.0
946	123578.0	123373.0
947	123094.0	124220.0
948	123695.0	123273.0
949	123390.0	123575.0
950	123624.0	123884.0
951	123773.0	123747.0
952	123176.0	123368.0
953	123419.0	123600.0
954	123715.0	123643.0
955	123048.0	123116.0
956	123053.0	123919.0
957	123580.0	123635.0
958	123366.0	123259.0
959	123249.0	124261.0
960	123624.0	123556.0
961	122744.0	122972.0
962	122681.0	123405.0
963	123729.0	123342.0
964	123105.0	122919.0
965	122919.0	123854.0
966	123584.0	123808.0
967	123251.0	123298.0
968	123253.0	123349.0
969	123474.0	123423.0
970	122851.0	123436.0
971	123087.0	123670.0
972	123262.0	123272.0
973	122963.0	123045.0
974	122672.0	123962.0
975	123328.0	123400.0
976	123214.0	122855.0
977	123019.0	123114.0
978	123092.0	123129.0
979	122914.0	123343.0
980	122881.0	123702.0
981	122867.0	123049.0
982	122480.0	122860.0
983	122570.0	123600.0
984	123107.0	123736.0
985	123070.0	122718.0
986	122596.0	123677.0
987	123535.0	123483.0
988	122702.0	122963.0
989	122996.0	123167.0
990	123476.0	122924.0
991	122824.0	122868.0
992	122951.0	123124.0
993	122961.0	123450.0
994	122628.0	122504.0
995	122633.0	123403.0
996	123561.0	123299.0
997	122409.0	122995.0
998	122707.0	123059.0
999	123236.0	123261.0
1000	122718.0	122958.0
1001	122609.0	123006.0
1002	122840.0	123275.0
1003	122790.0	123170.0
1004	122758.0	123150.0
1005	123221.0	123152.0
1006	122473.0	122692.0
1007	122650.0	123339.0
1008	122861.0	123245.0
1009	122928.0	122751.0
1010	122397.0	123253.0
1011	123041.0	123050.0
1012	122288.0	123372.0
1013	123165.0	123616.0
1014	122910.0	123128.0
1015	122258.0	122959.0
1016	122692.0	123700.0
1017	123354.0	123435.0
1018	122619.0	122605.0
1019	122380.0	123374.0
1020	122965.0	122896.0
1021	122805.0	122941.0
1022	122801.0	123086.0
1023	122727.0	123041.0
1024	122708.0	122709.0
1025	122684.0	122936.0
1026	123207.0	123079.0
1027	122383.0	122539.0
1028	122431.0	123111.0
1029	122935.0	123111.0
1030	122629.0	122715.0
1031	122774.0	123077.0
1032	123034.0	123245.0
1033	122468.0	122606.0
1034	122250.0	122972.0
1035	122859.0	122962.0
1036	122311.0	122900.0
1037	122624.0	123320.0
1038	122991.0	123039.0
1039	122133.0	122669.0
1040	122613.0	122977.0
1041	122728.0	122913.0
1042	122390.0	122306.0
1043	122563.0	122540.0
1044	122680.0	122859.0
1045	122702.0	122502.0
1046	122534.0	122982.0
1047	123328.0	123133.0
1048	122687.0	122406.0
1049	122369.0	123136.0
1050	123040.0	122596.0
1051	122340.0	122544.0
1052	122877.0	123017.0
1053	122688.0	123086.0
1054	122140.0	122150.0
1055	122474.0	123117.0
1056	123011.0	122486.0
1057	122329.0	122548.0
1058	122190.0	122898.0
1059	123343.0	123341.0
1060	122476.0	122423.0
1061	121918.0	122731.0
1062	122809.0	123035.0
1063	122153.0	122541.0
1064	122499.0	123125.0
1065	123122.0	122479.0
1066	122201.0	122335.0
1067	122144.0	122973.0
1068	122750.0	122817.0
1069	122707.0	122241.0
1070	122429.0	122721.0
1071	122925.0	122613.0
1072	122296.0	122585.0
1073	122662.0	122492.0
1074	122804.0	123404.0
1075	122060.0	122548.0
1076	122342.0	123183.0
1077	122620.0	123008.0
1078	122407.0	122525.0
1079	122071.0	122950.0
1080	122737.0	122565.0
1081	122499.0	122727.0
1082	122043.0	122895.0
1083	122593.0	122416.0
1084	122124.0	122240.0
1085	122124.0	123141.0
1086	122917.0	122628.0
1087	122166.0	122608.0
1088	122163.0	122785.0
1089	123003.0	122807.0
1090	122819.0	122009.0
1091	122531.0	122931.0
1092	123099.0	122803.0
1093	122399.0	122462.0
1094	122510.0	122890.0
1095	123028.0	122823.0
1096	122536.0	122334.0
1097	122242.0	122853.0
1098	122992.0	122786.0
1099	122165.0	122672.0
1100	122270.0	122622.0
1101	123123.0	123000.0
1102	122244.0	122452.0
1103	122232.0	123176.0
1104	123193.0	122963.0
1105	122502.0	122318.0
1106	122640.0	122706.0
1107	122732.0	122709.0
1108	122421.0	122749.0
1109	122631.0	122874.0
1110	122934.0	123153.0
1111	122687.0	122160.0
1112	122500.0	122839.0
1113	122948.0	123230.0
1114	122263.0	122899.0
1115	122132.0	122945.0
1116	123175.0	122865.0
1117	122517.0	122297.0
1118	122520.0	123336.0
1119	122991.0	123005.0
1120	122377.0	122636.0
1121	122744.0	123024.0
1122	123066.0	122849.0
1123	122581.0	122485.0
1124	122482.0	122933.0
1125	123062.0	123076.0
1126	122678.0	122167.0
1127	122371.0	122952.0
1128	122972.0	122945.0
1129	122589.0	122943.0
1130	122205.0	123091.0
1131	122485.0	122871.0
1132	122189.0	122688.0
1133	122504.0	123034.0
1134	122369.0	122776.0
1135	122179.0	122831.0
1136	122958.0	122726.0
1137	122631.0	122866.0
1138	122948.0	122435.0
1139	122063.0	122961.0
1140	122781.0	122945.0
1141	122248.0	122859.0
1142	122275.0	123055.0
1143	122898.0	122561.0
1144	122527.0	122590.0
1145	122479.0	123095.0
1146	122726.0	122423.0
1147	122175.0	122234.0
1148	122574.0	123187.0
1149	122464.0	123009.0
1150	122664.0	122732.0
1151	122634.0	122931.0
1152	122483.0	122752.0
1153	121939.0	122342.0
1154	122308.0	123380.0
1155	122471.0	122738.0
1156	122434.0	122573.0
1157	121946.0	122835.0
1158	122750.0	123158.0
1159	122321.0	122767.0
1160	122448.0	122982.0
1161	122614.0	123038.0
1162	122102.0	123018.0
1163	122452.0	122566.0
1164	122314.0	122489.0
1165	122480.0	122471.0
1166	122441.0	122904.0
1167	123002.0	122782.0
1168	122525.0	122681.0
1169	122235.0	122900.0
1170	122720.0	122899.0
1171	122304.0	122761.0
1172	122411.0	123112.0
1173	122946.0	122627.0
1174	122283.0	122643.0
1175	122057.0	123013.0
1176	122775.0	122644.0
1177	122409.0	122272.0
1178	122505.0	122880.0
1179	122662.0	122628.0
1180	122651.0	122421.0
1181	122072.0	122367.0
1182	122788.0	122774.0
1183	122297.0	122080.0
1184	122173.0	122836.0
1185	122743.0	122598.0
1186	122554.0	122403.0
1187	122341.0	122830.0
1188	122442.0	122655.0
1189	122534.0	122496.0
1190	122373.0	122500.0
1191	122587.0	122580.0
1192	121993.0	122610.0
1193	122249.0	122893.0
1194	122706.0	122734.0
1195	122543.0	122126.0
1196	122061.0	122548.0
1197	122449.0	122742.0
1198	122511.0	122437.0
1199	122256.0	123364.0
1200	122656.0	122456.0
1201	121773.0	122449.0
1202	122417.0	122922.0
1203	122635.0	122621.0
1204	122154.0	122288.0
1205	122772.0	122835.0
1206	122728.0	122431.0
1207	122208.0	122504.0
1208	121887.0	122786.0
1209	122891.0	122199.0
1210	122017.0	122131.0
1211	121937.0	122897.0
1212	122610.0	122275.0
1213	121941.0	122582.0
1214	122383.0	122809.0
1215	122767.0	122615.0
1216	122102.0	122431.0
1217	122056.0	122717.0
1218	122782.0	122793.0
1219	122550.0	122469.0
1220	122123.0	122841.0
1221	122419.0	122306.0
1222	121962.0	122508.0
1223	122044.0	122599.0
1224	122131.0	122350.0
1225	122250.0	122175.0
1226	122167.0	122930.0
1227	122749.0	122533.0
1228	122363.0	122272.0
1229	122292.0	122740.0
1230	122299.0	122246.0
1231	122077.0	122439.0
1232	122232.0	122883.0
1233	122638.0	122278.0
1234	122269.0	122180.0
1235	122447.0	122455.0
1236	122231.0	122288.0
1237	121797.0	122457.0
1238	121810.0	122735.0
1239	122485.0	122153.0
1240	122101.0	122271.0
1241	122332.0	122497.0
1242	122435.0	122579.0
1243	122228.0	122381.0
1244	122053.0	122796.0
1245	122383.0	122668.0
1246	121966.0	122338.0
1247	122037.0	122190.0
1248	122422.0	122513.0
1249	122277.0	122343.0
1250	121920.0	122370.0
1251	122375.0	122468.0
1252	121862.0	121686.0
1253	122166.0	122156.0
1254	122416.0	122546.0
1255	122150.0	122439.0
1256	122731.0	122237.0
1257	122219.0	122158.0
1258	121892.0	122469.0
1259	121928.0	121979.0
1260	121807.0	122278.0
1261	122371.0	122301.0
1262	122145.0	122258.0
1263	121910.0	121967.0
1264	122121.0	121726.0
1265	122110.0	122223.0
1266	122484.0	122283.0
1267	122060.0	122233.0
1268	122243.0	122111.0
1269	122179.0	121989.0
1270	121967.0	121612.0
1271	121740.0	122674.0
1272	122221.0	122199.0
1273	121909.0	122030.0
1274	122070.0	122311.0
1275	121859.0	121884.0
1276	121641.0	121855.0
1277	121823.0	122475.0
1278	121986.0	122350.0
1279	122123.0	121866.0
1280	121827.0	122192.0
1281	122105.0	122398.0
1282	121950.0	122186.0
1283	121947.0	122254.0
1284	122286.0	122303.0
1285	121953.0	121984.0
1286	121675.0	121828.0
1287	122189.0	122104.0
1288	121722.0	121465.0
1289	121762.0	121992.0
1290	122258.0	122172.0
1291	121684.0	121692.0
1292	121510.0	121858.0
1293	121930.0	121845.0
1294	121839.0	121599.0
1295	121798.0	122308.0
1296	121853.0	122050.0
1297	121610.0	121666.0
1298	121561.0	122047.0
1299	122117.0	122179.0
1300	121948.0	121884.0
1301	121765.0	122227.0
1302	121450.0	121866.0
1303	121486.0	122186.0
1304	122047.0	121753.0
1305	121984.0	121861.0
1306	121416.0	121422.0
1307	121449.0	121726.0
1308	121932.0	122230.0
1309	121656.0	121850.0
1310	121502.0	121909.0
1311	122106.0	121711.0
1312	122170.0	121521.0
1313	121427.0	121754.0
1314	121669.0	121906.0
1315	121473.0	121843.0
1316	121723.0	121848.0
1317	121693.0	122122.0
1318	121561.0	121375.0
1319	121689.0	121681.0
1320	121391.0	122059.0
1321	121714.0	121355.0
1322	121761.0	122110.0
1323	121652.0	121478.0
1324	121494.0	121884.0
1325	121585.0	121902.0
1326	121367.0	122040.0
1327	121617.0	121905.0
1328	121413.0	121811.0
1329	121616.0	121671.0
1330	121639.0	121611.0
1331	121393.0	122099.0
1332	121823.0	121736.0
1333	121437.0	121498.0
1334	121344.0	122456.0
1335	122015.0	121710.0
1336	121389.0	121607.0
1337	122102.0	121963.0
1338	121887.0	121711.0
1339	121115.0	121848.0
1340	121520.0	122182.0
1341	121689.0	121544.0
1342	121207.0	121945.0
1343	121214.0	121968.0
1344	122239.0	121959.0
1345	121355.0	121286.0
1346	121746.0	121905.0
1347	122337.0	121447.0
1348	121457.0	121216.0
1349	121404.0	121871.0
1350	121541.0	121701.0
1351	121797.0	121541.0
1352	121576.0	121929.0
1353	121635.0	122020.0
1354	121403.0	121653.0
1355	121398.0	121644.0
1356	121665.0	121809.0
1357	121720.0	121677.0
1358	121685.0	122046.0
1359	122083.0	121775.0
1360	121273.0	121606.0
1361	121234.0	121915.0
1362	121350.0	121756.0
1363	121438.0	121567.0
1364	121424.0	122012.0
1365	121539.0	122136.0
1366	121516.0	121607.0
1367	121556.0	121528.0
1368	122046.0	121832.0
1369	121703.0	121885.0
1370	121070.0	122080.0
1371	121753.0	121553.0
1372	121316.0	121920.0
1373	121334.0	121678.0
1374	121529.0	121628.0
1375	121518.0	121474.0
1376	121397.0	121654.0
1377	121572.0	121553.0
1378	121640.0	121657.0
1379	121710.0	121513.0
1380	121802.0	121535.0
1381	121596.0	121733.0
1382	121137.0	121646.0
1383	122092.0	121485.0
1384	121583.0	121471.0
1385	121326.0	121922.0
1386	121401.0	121638.0
1387	121545.0	121546.0
1388	121649.0	121826.0
1389	121547.0	121461.0
1390	121258.0	122050.0
1391	121627.0	121600.0
1392	121589.0	121665.0
1393	121945.0	121519.0
1394	121542.0	121977.0
1395	121413.0	121840.0
1396	121641.0	121716.0
1397	121896.0	122217.0
1398	121882.0	121985.0
1399	121863.0	121658.0
1400	122052.0	121750.0
1401	121832.0	121786.0
1402	121661.0	121726.0
1403	121555.0	122113.0
1404	121772.0	121983.0
1405	121977.0	121969.0
1406	121379.0	121899.0
1407	122030.0	122076.0
1408	121555.0	122036.0
1409	122394.0	122175.0
1410	122039.0	121704.0
1411	121410.0	121740.0
1412	121624.0	121883.0
1413	121772.0	121429.0
1414	121935.0	121946.0
1415	121859.0	122029.0
1416	121561.0	121941.0
1417	121684.0	122192.0
1418	121935.0	121798.0
1419	122244.0	122113.0
1420	121712.0	121878.0
1421	121590.0	121660.0
1422	122212.0	122259.0
1423	121182.0	121549.0
1424	121897.0	122060.0
1425	121942.0	121636.0
1426	121843.0	121990.0
1427	121634.0	121678.0
1428	121783.0	122194.0
1429	121731.0	122207.0
1430	121673.0	122020.0
1431	122171.0	121921.0
1432	121728.0	122179.0
1433	121522.0	122301.0
1434	122011.0	121870.0
1435	121837.0	121616.0
1436	121630.0	122086.0
1437	121954.0	121926.0
1438	121710.0	121589.0
1439	122227.0	122160.0
1440	121839.0	122045.0
1441	121495.0	121744.0
1442	121959.0	122004.0
1443	122175.0	122178.0
1444	121944.0	121530.0
1445	122007.0	122547.0
1446	121857.0	122131.0
1447	121862.0	121844.0
1448	121825.0	122170.0
1449	121948.0	121768.0
1450	121823.0	121991.0
1451	121648.0	121900.0
1452	122301.0	122222.0
1453	121755.0	121945.0
1454	121757.0	122021.0
1455	122343.0	122014.0
1456	121859.0	121755.0
1457	121680.0	122148.0
1458	122098.0	122287.0
1459	121242.0	122020.0
1460	121308.0	122286.0
1461	122276.0	121964.0
1462	121806.0	121693.0
1463	121760.0	122357.0
1464	122105.0	121788.0
1465	121686.0	121669.0
1466	121828.0	122610.0
1467	121864.0	121685.0
1468	121925.0	122534.0
1469	121610.0	122183.0
1470	122114.0	122182.0
1471	121320.0	121911.0
1472	121721.0	122276.0
1473	122112.0	122202.0
1474	121580.0	121768.0
1475	121690.0	122422.0
1476	121769.0	121954.0
1477	121408.0	122099.0
1478	121805.0	122063.0
1479	121896.0	122063.0
1480	121807.0	121799.0
1481	121472.0	121815.0
1482	121902.0	121958.0
1483	121483.0	122090.0
1484	122136.0	122226.0
1485	122149.0	122275.0
1486	121517.0	121569.0
1487	121873.0	122061.0
1488	121921.0	122080.0
1489	121505.0	121881.0
1490	121913.0	122286.0
1491	121814.0	122180.0
1492	121400.0	121913.0
1493	121766.0	122580.0
1494	121781.0	122030.0
1495	121413.0	121754.0
1496	121761.0	122241.0
1497	122027.0	122085.0
1498	121685.0	122263.0
1499	121362.0	122426.0
1500	121948.0	122165.0
1501	121614.0	121693.0
1502	121972.0	122237.0
1503	121831.0	121917.0
1504	121874.0	121621.0
1505	121593.0	122167.0
1506	121816.0	122278.0
1507	121754.0	121815.0
1508	122022.0	122198.0
1509	121820.0	121873.0
1510	121410.0	122334.0
1511	121625.0	122276.0
1512	122137.0	122017.0
1513	121539.0	121735.0
1514	122028.0	121959.0
1515	121807.0	122056.0
1516	121567.0	122207.0
1517	121448.0	122270.0
1518	121875.0	121411.0
1519	121949.0	122070.0
1520	121470.0	122013.0
1521	121649.0	122029.0
1522	121888.0	121986.0
1523	121464.0	122232.0
1524	122003.0	121836.0
1525	121834.0	121770.0
1526	121695.0	122217.0
1527	121995.0	122064.0
1528	121533.0	121900.0
1529	121443.0	121750.0
1530	122240.0	122295.0
1531	121933.0	121914.0
1532	121659.0	121727.0
1533	121885.0	121792.0
1534	121616.0	121772.0
1535	121569.0	122059.0
1536	122188.0	122350.0
1537	121738.0	121946.0
1538	121415.0	122189.0
1539	121622.0	121942.0
1540	121415.0	122213.0
1541	121741.0	121901.0
1542	121985.0	122185.0
1543	121951.0	121839.0
1544	121649.0	122110.0
1545	121654.0	121765.0
1546	121679.0	121884.0
1547	121498.0	121947.0
1548	121910.0	121978.0
1549	121445.0	121930.0
1550	121640.0	122010.0
1551	121881.0	121803.0
1552	121710.0	121845.0
1553	121792.0	121877.0
1554	121671.0	121511.0
1555	121667.0	121910.0
1556	121876.0	121958.0
1557	121847.0	121928.0
1558	121313.0	122088.0
1559	121764.0	121960.0
1560	122515.0	121915.0
1561	121467.0	121607.0
1562	121575.0	122190.0
1563	121748.0	121864.0
1564	121689.0	121990.0
1565	121451.0	121701.0
1566	121760.0	121961.0
1567	121554.0	121833.0
1568	121874.0	122290.0
1569	121362.0	121786.0
1570	121225.0	122039.0
1571	121750.0	121959.0
1572	121664.0	122175.0
1573	121166.0	121920.0
1574	121305.0	121953.0
1575	121747.0	122217.0
1576	121468.0	121881.0
1577	121372.0	121869.0
1578	121964.0	121984.0
1579	121508.0	122095.0
1580	121543.0	122108.0
1581	121575.0	122353.0
1582	121391.0	121612.0
1583	121173.0	122329.0
1584	121842.0	122010.0
1585	121828.0	122018.0
1586	121692.0	122654.0
1587	121640.0	121947.0
1588	121533.0	121593.0
1589	121534.0	122175.0
1590	121661.0	121987.0
1591	121571.0	121865.0
1592	121789.0	122416.0
1593	121763.0	121678.0
1594	121413.0	121919.0
1595	121445.0	121734.0
1596	121508.0	121815.0
1597	121167.0	121915.0
1598	121530.0	122137.0
1599	121742.0	122028.0
1600	121464.0	121619.0
1601	121599.0	121916.0
1602	121918.0	121842.0
1603	121525.0	121781.0
1604	121656.0	122212.0
1605	122193.0	122064.0
1606	121608.0	121784.0
1607	121594.0	122144.0
1608	121911.0	122151.0
1609	121846.0	121885.0
1610	121488.0	121893.0
1611	121601.0	121899.0
1612	121458.0	122162.0
1613	121691.0	122250.0
1614	122083.0	121830.0
1615	121268.0	121617.0
1616	121800.0	122131.0
1617	121828.0	121995.0
1618	121383.0	121817.0
1619	121537.0	122015.0
1620	121951.0	121689.0
1621	121723.0	121803.0
1622	121350.0	122259.0
1623	121788.0	121648.0
1624	121397.0	121868.0
1625	121665.0	122405.0
1626	122064.0	121599.0
1627	121320.0	121449.0
1628	121183.0	121770.0
1629	121911.0	122086.0
1630	121496.0	121462.0
1631	121383.0	121479.0
1632	121637.0	122167.0
1633	121581.0	121673.0
1634	121697.0	121405.0
1635	121922.0	121615.0
1636	121419.0	121976.0
1637	121637.0	121813.0
1638	121385.0	121738.0
1639	121373.0	121884.0
1640	121871.0	122126.0
1641	121716.0	121584.0
1642	121023.0	121526.0
1643	121601.0	121974.0
1644	121982.0	121593.0
1645	121619.0	121465.0
1646	121383.0	121923.0
1647	121737.0	122007.0
1648	121717.0	121810.0
1649	121178.0	122027.0
1650	121742.0	121869.0
1651	121422.0	121354.0
1652	121282.0	121592.0
1653	121272.0	121573.0
1654	121215.0	121592.0
1655	121598.0	121933.0
1656	121286.0	121660.0
1657	121316.0	121934.0
1658	121585.0	121644.0
1659	121309.0	121665.0
1660	121292.0	121562.0
1661	121352.0	121940.0
1662	121730.0	121281.0
1663	121001.0	121582.0
1664	121418.0	121767.0
1665	121340.0	121485.0
1666	120703.0	121841.0
1667	121397.0	121845.0
1668	121391.0	121462.0
1669	120940.0	121496.0
1670	121228.0	121901.0
1671	121287.0	121955.0
1672	121306.0	121685.0
1673	121296.0	121595.0
1674	121241.0	121240.0
1675	121248.0	121521.0
1676	120896.0	121433.0
1677	121227.0	121234.0
1678	121208.0	120983.0
1679	121290.0	121898.0
1680	121326.0	121398.0
1681	121357.0	121087.0
1682	121090.0	121522.0
1683	121276.0	122067.0
1684	121369.0	121439.0
1685	120999.0	121715.0
1686	121612.0	121449.0
1687	120600.0	121360.0
1688	121074.0	121859.0
1689	121455.0	121272.0
1690	120962.0	121477.0
1691	121056.0	121531.0
1692	121284.0	121650.0
1693	121255.0	120945.0
1694	121089.0	121387.0
1695	121014.0	121362.0
1696	120905.0	121290.0
1697	120766.0	121478.0
1698	121332.0	121570.0
1699	121373.0	121081.0
1700	120946.0	121178.0
1701	120997.0	121448.0
1702	121045.0	121035.0
1703	121004.0	121016.0
1704	121242.0	120932.0
1705	121210.0	121355.0
1706	120675.0	120937.0
1707	120881.0	121555.0
1708	120911.0	120963.0
1709	120999.0	121297.0
1710	121102.0	121220.0
1711	120894.0	120970.0
1712	120908.0	121440.0
1713	121191.0	121085.0
1714	120637.0	121186.0
1715	120416.0	121309.0
1716	121073.0	121177.0
1717	121117.0	120700.0
1718	120820.0	121039.0
1719	120998.0	120936.0
1720	121022.0	121306.0
1721	120942.0	121176.0
1722	120897.0	121131.0
1723	121224.0	121131.0
1724	120753.0	120718.0
1725	121049.0	121561.0
1726	121149.0	121014.0
1727	120938.0	120970.0
1728	121373.0	121013.0
1729	120523.0	121027.0
1730	120579.0	121524.0
1731	120804.0	120969.0
1732	120978.0	120356.0
1733	120443.0	120998.0
1734	121112.0	120845.0
1735	120962.0	120908.0
1736	120729.0	121085.0
1737	120777.0	121092.0
1738	121139.0	120775.0
1739	121102.0	121288.0
1740	120813.0	121461.0
1741	120695.0	120336.0
1742	120981.0	120963.0
1743	120618.0	121158.0
1744	120931.0	120897.0
1745	120807.0	121323.0
1746	120744.0	120803.0
1747	120853.0	120871.0
1748	120433.0	121002.0
1749	121396.0	120746.0
1750	120678.0	121008.0
1751	120926.0	121100.0
1752	120901.0	120910.0
1753	120749.0	120769.0
1754	120502.0	121448.0
1755	120599.0	120797.0
1756	120623.0	120704.0
1757	120604.0	120938.0
1758	120831.0	120636.0
1759	121183.0	120648.0
1760	120415.0	121031.0
1761	120787.0	120604.0
1762	121050.0	120533.0
1763	121029.0	120950.0
1764	120869.0	120871.0
1765	120509.0	120986.0
1766	120734.0	121140.0
1767	120866.0	120788.0
1768	120937.0	120592.0
1769	120865.0	121652.0
1770	121000.0	120994.0
1771	121067.0	120801.0
1772	120989.0	120733.0
1773	120905.0	120935.0
1774	120756.0	120966.0
1775	120808.0	121067.0
1776	121102.0	120815.0
1777	120746.0	120948.0
1778	120546.0	121182.0
1779	121220.0	120931.0
1780	121053.0	120768.0
1781	120409.0	120920.0
1782	120496.0	120335.0
1783	120431.0	120793.0
1784	120928.0	121005.0
1785	121063.0	121055.0
1786	120747.0	120575.0
1787	120699.0	121005.0
1788	120654.0	120714.0
1789	120739.0	120845.0
1790	120748.0	120466.0
1791	120846.0	120517.0
1792	120667.0	121082.0
1793	120661.0	120878.0
1794	120486.0	120807.0
1795	120438.0	120730.0
1796	120349.0	120923.0
1797	121183.0	120486.0
1798	120433.0	121300.0
1799	120843.0	121038.0
1800	120702.0	120447.0
1801	120748.0	120510.0
1802	120567.0	120860.0
1803	120778.0	121047.0
1804	120446.0	120955.0
1805	120348.0	121073.0
1806	121094.0	120542.0
1807	120325.0	120707.0
1808	120679.0	121293.0
1809	120779.0	120854.0
1810	120805.0	120827.0
1811	120494.0	121166.0
1812	120603.0	120848.0
1813	120424.0	120448.0
1814	120666.0	120917.0
1815	121276.0	121029.0
1816	120750.0	121210.0
1817	120671.0	120676.0
1818	120733.0	120727.0
1819	120791.0	120953.0
1820	120473.0	121482.0
1821	120825.0	120912.0
1822	120473.0	120965.0
1823	120644.0	120707.0
1824	121052.0	120771.0
1825	120185.0	120632.0
1826	120379.0	121045.0
1827	120655.0	121078.0
1828	120242.0	120661.0
1829	120623.0	121014.0
1830	120683.0	120634.0
1831	120512.0	121035.0
1832	120415.0	121354.0
1833	120844.0	120718.0
1834	121029.0	120883.0
1835	120296.0	120916.0
1836	120648.0	120396.0
1837	120695.0	121007.0
1838	120603.0	121159.0
1839	120805.0	121038.0
1840	120573.0	120721.0
1841	120793.0	120994.0
1842	120500.0	120871.0
1843	120403.0	121031.0
1844	121122.0	120512.0
1845	120822.0	120551.0
1846	120617.0	120833.0
1847	120785.0	121498.0
1848	121149.0	120962.0
1849	120378.0	120662.0
1850	121187.0	120943.0
1851	120793.0	120547.0
1852	120784.0	120637.0
1853	121044.0	121078.0
1854	121059.0	120817.0
1855	120673.0	121259.0
1856	121248.0	121189.0
1857	120497.0	120897.0
1858	121017.0	120969.0
1859	120627.0	121143.0
1860	120613.0	120749.0
1861	120592.0	121304.0
1862	121066.0	121032.0
1863	120999.0	120902.0
1864	120705.0	120873.0
1865	120688.0	121203.0
1866	120709.0	120911.0
1867	120707.0	121312.0
1868	121049.0	121069.0
1869	120715.0	120966.0
1870	120864.0	120574.0
1871	120815.0	121287.0
1872	120917.0	121412.0
1873	120772.0	120825.0
1874	120978.0	121001.0
1875	121005.0	121194.0
1876	120513.0	121326.0
1877	120827.0	121221.0
1878	120949.0	121025.0
1879	120277.0	121323.0
1880	120781.0	121247.0
1881	121083.0	120904.0
1882	120745.0	121095.0
1883	120553.0	121237.0
1884	120506.0	121306.0
1885	120826.0	121188.0
1886	120719.0	121560.0
1887	120773.0	120778.0
1888	120789.0	121225.0
1889	120801.0	120934.0
1890	121122.0	121090.0
1891	121025.0	121361.0
1892	120572.0	121097.0
1893	120624.0	121294.0
1894	120875.0	121060.0
1895	120738.0	121546.0
1896	120873.0	121292.0
1897	121009.0	120717.0
1898	120712.0	121325.0
1899	120445.0	121114.0
1900	121196.0	120918.0
1901	120860.0	121349.0
1902	121236.0	121067.0
1903	121155.0	121230.0
1904	120809.0	121318.0
1905	120820.0	120962.0
1906	120871.0	121261.0
1907	120787.0	121329.0
1908	121126.0	121284.0
1909	120848.0	120953.0
1910	120922.0	121010.0
1911	121003.0	121160.0
1912	120679.0	120976.0
1913	121072.0	121340.0
1914	120906.0	121235.0
1915	120883.0	120707.0
1916	120982.0	121801.0
1917	121068.0	121245.0
1918	120946.0	120994.0
1919	120978.0	121240.0
1920	121021.0	120759.0
1921	120681.0	121227.0
1922	121139.0	121450.0
1923	121142.0	121428.0
1924	120695.0	121028.0
1925	120809.0	121588.0
1926	120999.0	121246.0
1927	120725.0	121109.0
1928	121195.0	120820.0
1929	121170.0	121163.0
1930	120866.0	120686.0
1931	120656.0	120608.0
1932	120772.0	120951.0
1933	120694.0	121256.0
1934	120726.0	121022.0
1935	120818.0	121462.0
1936	121095.0	120716.0
1937	120656.0	121254.0
1938	121014.0	121114.0
1939	121166.0	121006.0
1940	120914.0	121301.0
1941	120936.0	120779.0
1942	120743.0	120694.0
1943	120865.0	121411.0
1944	121524.0	120859.0
1945	120975.0	120939.0
1946	121088.0	120765.0
1947	120682.0	120582.0
1948	120374.0	120679.0
1949	120586.0	121181.0
1950	121152.0	120739.0
1951	120956.0	120876.0
1952	120536.0	120837.0
1953	121189.0	121025.0
1954	120736.0	120801.0
1955	121295.0	121193.0
1956	120589.0	121138.0
1957	121099.0	120507.0
1958	120758.0	120881.0
1959	120777.0	120677.0
1960	120752.0	120550.0
1961	120733.0	121050.0
1962	120621.0	120725.0
1963	120973.0	120448.0
1964	120951.0	120665.0
1965	121221.0	120599.0
1966	120555.0	120609.0
1967	120134.0	120736.0
1968	121273.0	120477.0
1969	120452.0	120719.0
1970	120668.0	120944.0
1971	120826.0	120578.0
1972	120676.0	120567.0
1973	120292.0	121013.0
1974	120639.0	120926.0
1975	120456.0	120506.0
1976	120537.0	120670.0
1977	120451.0	120625.0
1978	120154.0	120711.0
1979	120328.0	120676.0
1980	120536.0	120688.0
1981	120370.0	119975.0
1982	120664.0	120675.0
1983	120656.0	120896.0
1984	120495.0	120838.0
1985	120213.0	120459.0
1986	120876.0	120376.0
1987	120604.0	120263.0
1988	120376.0	120937.0
1989	120548.0	120493.0
1990	120351.0	120162.0
1991	120255.0	120657.0
1992	120487.0	120470.0
1993	120538.0	120803.0
1994	120526.0	120539.0
1995	120600.0	120353.0
1996	120045.0	120673.0
1997	120384.0	120791.0
1998	120823.0	120851.0
1999	120262.0	120778.0
