Distance in bp(Fragment Length Estimate: 129)(Peak Width Estimate: 136)	Same Strand (+ for Watson strand, - for Crick)	Opposite Strand
-2000	116275.0	117972.0
-1999	116329.0	118028.0
-1998	116445.0	117969.0
-1997	116436.0	118061.0
-1996	116426.0	118034.0
-1995	116626.0	117914.0
-1994	116384.0	117871.0
-1993	116641.0	117916.0
-1992	116566.0	117934.0
-1991	116531.0	117919.0
-1990	116799.0	118063.0
-1989	116624.0	118096.0
-1988	116539.0	117922.0
-1987	116671.0	117962.0
-1986	116569.0	118088.0
-1985	116541.0	117980.0
-1984	116897.0	118325.0
-1983	116835.0	118090.0
-1982	116427.0	118230.0
-1981	116680.0	118205.0
-1980	116631.0	118122.0
-1979	116631.0	117925.0
-1978	116480.0	118052.0
-1977	116634.0	118041.0
-1976	116562.0	118105.0
-1975	116966.0	118187.0
-1974	116527.0	118303.0
-1973	116645.0	118059.0
-1972	116860.0	118099.0
-1971	116714.0	117979.0
-1970	116518.0	118135.0
-1969	116592.0	118107.0
-1968	116673.0	118058.0
-1967	116872.0	118135.0
-1966	116778.0	118246.0
-1965	116759.0	118237.0
-1964	116736.0	118176.0
-1963	116835.0	118011.0
-1962	116691.0	118031.0
-1961	116663.0	118102.0
-1960	116702.0	118113.0
-1959	116734.0	117984.0
-1958	116767.0	118209.0
-1957	116623.0	118132.0
-1956	116875.0	118251.0
-1955	116819.0	118274.0
-1954	116775.0	117965.0
-1953	116888.0	118046.0
-1952	116801.0	118129.0
-1951	116933.0	118144.0
-1950	117085.0	117902.0
-1949	116696.0	117974.0
-1948	116901.0	117923.0
-1947	116750.0	118386.0
-1946	116954.0	118009.0
-1945	117184.0	118063.0
-1944	116822.0	117902.0
-1943	116752.0	117832.0
-1942	116906.0	117787.0
-1941	116981.0	117786.0
-1940	116791.0	117823.0
-1939	116761.0	117874.0
-1938	116925.0	117874.0
-1937	116927.0	117691.0
-1936	116753.0	117732.0
-1935	116929.0	117646.0
-1934	117074.0	117954.0
-1933	116805.0	117831.0
-1932	117084.0	117798.0
-1931	117045.0	117556.0
-1930	116827.0	118009.0
-1929	117063.0	117667.0
-1928	116984.0	117683.0
-1927	117014.0	117784.0
-1926	116955.0	117462.0
-1925	116994.0	117681.0
-1924	116895.0	117698.0
-1923	116781.0	117619.0
-1922	116804.0	117765.0
-1921	116881.0	117716.0
-1920	116832.0	117855.0
-1919	117080.0	117848.0
-1918	116947.0	117716.0
-1917	116993.0	117634.0
-1916	116942.0	117768.0
-1915	116815.0	117690.0
-1914	117082.0	117826.0
-1913	117014.0	117803.0
-1912	116925.0	117648.0
-1911	116930.0	117651.0
-1910	117052.0	117465.0
-1909	117006.0	117774.0
-1908	117059.0	117660.0
-1907	117068.0	117595.0
-1906	117070.0	117674.0
-1905	116973.0	118006.0
-1904	117123.0	117851.0
-1903	117195.0	117635.0
-1902	116758.0	117755.0
-1901	117019.0	117848.0
-1900	116930.0	117889.0
-1899	116982.0	117945.0
-1898	117045.0	117770.0
-1897	117062.0	117807.0
-1896	117051.0	117782.0
-1895	117017.0	117837.0
-1894	116898.0	117633.0
-1893	117166.0	117818.0
-1892	117097.0	117829.0
-1891	117181.0	117639.0
-1890	117054.0	117731.0
-1889	116973.0	117689.0
-1888	116981.0	117827.0
-1887	117026.0	117947.0
-1886	117051.0	117856.0
-1885	117135.0	117950.0
-1884	117189.0	118146.0
-1883	117224.0	117791.0
-1882	117122.0	117994.0
-1881	117271.0	118023.0
-1880	117090.0	117979.0
-1879	117127.0	118105.0
-1878	117095.0	118124.0
-1877	117202.0	118100.0
-1876	116987.0	117916.0
-1875	117043.0	118066.0
-1874	117116.0	118078.0
-1873	116940.0	117978.0
-1872	117155.0	117923.0
-1871	116950.0	117958.0
-1870	117080.0	118060.0
-1869	117032.0	118044.0
-1868	116988.0	118000.0
-1867	116813.0	118151.0
-1866	117050.0	117863.0
-1865	117029.0	118014.0
-1864	116944.0	117851.0
-1863	117017.0	117910.0
-1862	117098.0	118102.0
-1861	117155.0	118106.0
-1860	116920.0	118051.0
-1859	117221.0	117939.0
-1858	116945.0	118026.0
-1857	117176.0	117910.0
-1856	116786.0	118136.0
-1855	117207.0	118083.0
-1854	117017.0	118111.0
-1853	116919.0	118112.0
-1852	117090.0	117979.0
-1851	117092.0	118172.0
-1850	117328.0	118152.0
-1849	117075.0	118168.0
-1848	117188.0	118296.0
-1847	117171.0	118331.0
-1846	117134.0	118059.0
-1845	117056.0	118083.0
-1844	116988.0	118086.0
-1843	117177.0	118166.0
-1842	117082.0	118157.0
-1841	117008.0	118341.0
-1840	117159.0	118233.0
-1839	117201.0	118458.0
-1838	117084.0	118138.0
-1837	117222.0	118140.0
-1836	117344.0	118067.0
-1835	117187.0	118104.0
-1834	117239.0	118261.0
-1833	117180.0	118156.0
-1832	117285.0	118339.0
-1831	117157.0	118287.0
-1830	117091.0	118292.0
-1829	117457.0	118318.0
-1828	117222.0	118284.0
-1827	117313.0	118130.0
-1826	117260.0	118137.0
-1825	117109.0	118457.0
-1824	117009.0	118268.0
-1823	117532.0	118391.0
-1822	117246.0	118358.0
-1821	117332.0	118138.0
-1820	117174.0	118314.0
-1819	117221.0	118141.0
-1818	117297.0	118185.0
-1817	117021.0	118369.0
-1816	117161.0	118276.0
-1815	117422.0	118116.0
-1814	117263.0	118318.0
-1813	117320.0	118120.0
-1812	117190.0	118095.0
-1811	117484.0	118181.0
-1810	117353.0	118170.0
-1809	117380.0	118463.0
-1808	117314.0	118334.0
-1807	117440.0	118259.0
-1806	117459.0	118450.0
-1805	117366.0	118238.0
-1804	117164.0	118318.0
-1803	117380.0	118358.0
-1802	117287.0	118169.0
-1801	117347.0	118194.0
-1800	117292.0	118263.0
-1799	117220.0	118339.0
-1798	117629.0	118339.0
-1797	117602.0	118289.0
-1796	117303.0	118174.0
-1795	117665.0	118175.0
-1794	117454.0	118323.0
-1793	117524.0	118158.0
-1792	117595.0	118252.0
-1791	117488.0	118198.0
-1790	117582.0	118239.0
-1789	117614.0	118295.0
-1788	117616.0	118330.0
-1787	117784.0	118304.0
-1786	117608.0	118052.0
-1785	117631.0	118272.0
-1784	117705.0	118208.0
-1783	117700.0	118174.0
-1782	117789.0	118319.0
-1781	117917.0	118041.0
-1780	117775.0	118115.0
-1779	117876.0	118306.0
-1778	117819.0	118516.0
-1777	117874.0	118207.0
-1776	118052.0	118439.0
-1775	118119.0	118518.0
-1774	117896.0	118408.0
-1773	117980.0	118401.0
-1772	118012.0	118459.0
-1771	118033.0	118375.0
-1770	117986.0	118362.0
-1769	118064.0	118433.0
-1768	118090.0	118549.0
-1767	118243.0	118499.0
-1766	118192.0	118551.0
-1765	118274.0	118362.0
-1764	118091.0	118497.0
-1763	118152.0	118436.0
-1762	118274.0	118388.0
-1761	118246.0	118583.0
-1760	118425.0	118403.0
-1759	118421.0	118492.0
-1758	118278.0	118609.0
-1757	118366.0	118538.0
-1756	118529.0	118713.0
-1755	118298.0	118585.0
-1754	118423.0	118488.0
-1753	118418.0	118597.0
-1752	118555.0	118557.0
-1751	118513.0	118555.0
-1750	118616.0	118602.0
-1749	118761.0	118465.0
-1748	118608.0	118559.0
-1747	118604.0	118416.0
-1746	118674.0	118504.0
-1745	118559.0	118432.0
-1744	118618.0	118540.0
-1743	118714.0	118404.0
-1742	118950.0	118417.0
-1741	118716.0	118435.0
-1740	118257.0	118383.0
-1739	118744.0	118630.0
-1738	118951.0	118569.0
-1737	118727.0	118585.0
-1736	118637.0	118493.0
-1735	119064.0	118413.0
-1734	118770.0	118641.0
-1733	118692.0	118282.0
-1732	118754.0	118371.0
-1731	118676.0	118455.0
-1730	118807.0	118452.0
-1729	118724.0	118579.0
-1728	118859.0	118470.0
-1727	118988.0	118518.0
-1726	119006.0	118721.0
-1725	118930.0	118433.0
-1724	118932.0	118458.0
-1723	119078.0	118429.0
-1722	119072.0	118354.0
-1721	118760.0	118647.0
-1720	118902.0	118410.0
-1719	118830.0	118599.0
-1718	118858.0	118275.0
-1717	118911.0	118392.0
-1716	119003.0	118411.0
-1715	119097.0	118582.0
-1714	119054.0	118477.0
-1713	118882.0	118571.0
-1712	119027.0	118579.0
-1711	118950.0	118288.0
-1710	118910.0	118311.0
-1709	119131.0	118520.0
-1708	118929.0	118592.0
-1707	119143.0	118422.0
-1706	118860.0	118447.0
-1705	118928.0	118664.0
-1704	118859.0	118526.0
-1703	119118.0	118651.0
-1702	119020.0	118646.0
-1701	119096.0	118546.0
-1700	119091.0	118462.0
-1699	118960.0	118687.0
-1698	118866.0	118793.0
-1697	119184.0	118694.0
-1696	118894.0	118595.0
-1695	119160.0	118775.0
-1694	119048.0	118674.0
-1693	119258.0	118426.0
-1692	119152.0	118743.0
-1691	119251.0	118741.0
-1690	119128.0	118844.0
-1689	119196.0	118853.0
-1688	119215.0	118732.0
-1687	119064.0	118754.0
-1686	118996.0	118887.0
-1685	119192.0	118973.0
-1684	119244.0	118842.0
-1683	118977.0	118907.0
-1682	119189.0	119065.0
-1681	119140.0	118939.0
-1680	119386.0	119006.0
-1679	119202.0	119068.0
-1678	119109.0	118976.0
-1677	119014.0	119038.0
-1676	119320.0	118740.0
-1675	119169.0	118844.0
-1674	119064.0	119148.0
-1673	119347.0	118830.0
-1672	119251.0	119089.0
-1671	119177.0	119047.0
-1670	119098.0	118992.0
-1669	119008.0	118929.0
-1668	119084.0	119255.0
-1667	119145.0	119137.0
-1666	119247.0	119080.0
-1665	119163.0	119113.0
-1664	119016.0	119054.0
-1663	119432.0	118921.0
-1662	119200.0	119318.0
-1661	119139.0	119186.0
-1660	119171.0	119066.0
-1659	119302.0	119265.0
-1658	119279.0	119317.0
-1657	119080.0	119239.0
-1656	119243.0	119303.0
-1655	119268.0	119491.0
-1654	119156.0	119424.0
-1653	119497.0	119349.0
-1652	119426.0	119481.0
-1651	119257.0	119474.0
-1650	119236.0	119268.0
-1649	119319.0	119386.0
-1648	119343.0	119451.0
-1647	119273.0	119497.0
-1646	119040.0	119505.0
-1645	119067.0	119492.0
-1644	119085.0	119568.0
-1643	119020.0	119566.0
-1642	118899.0	119663.0
-1641	119151.0	119568.0
-1640	119206.0	119586.0
-1639	119126.0	119574.0
-1638	119110.0	119534.0
-1637	119163.0	119609.0
-1636	119211.0	119690.0
-1635	119247.0	119687.0
-1634	118832.0	119754.0
-1633	119074.0	119734.0
-1632	119088.0	119706.0
-1631	119184.0	120103.0
-1630	119152.0	119862.0
-1629	119083.0	119920.0
-1628	119031.0	119771.0
-1627	118999.0	119960.0
-1626	119042.0	120065.0
-1625	119062.0	120016.0
-1624	119267.0	119995.0
-1623	119096.0	119868.0
-1622	119028.0	119805.0
-1621	119062.0	120015.0
-1620	119231.0	120323.0
-1619	119216.0	119986.0
-1618	119187.0	119927.0
-1617	119172.0	119731.0
-1616	119283.0	120051.0
-1615	119190.0	119995.0
-1614	119201.0	119966.0
-1613	119406.0	120124.0
-1612	119111.0	120113.0
-1611	119265.0	120133.0
-1610	119299.0	120160.0
-1609	119584.0	120081.0
-1608	119241.0	120370.0
-1607	119243.0	120002.0
-1606	119242.0	120275.0
-1605	119325.0	120102.0
-1604	119334.0	120189.0
-1603	119426.0	120265.0
-1602	119522.0	120282.0
-1601	119259.0	120491.0
-1600	119493.0	120293.0
-1599	119380.0	119960.0
-1598	119306.0	120411.0
-1597	119329.0	120380.0
-1596	119559.0	120499.0
-1595	119360.0	120457.0
-1594	119576.0	120447.0
-1593	119179.0	120318.0
-1592	119238.0	120450.0
-1591	119380.0	120598.0
-1590	119264.0	120304.0
-1589	119307.0	120519.0
-1588	119349.0	120558.0
-1587	119425.0	120497.0
-1586	119462.0	120501.0
-1585	119324.0	120320.0
-1584	119515.0	120472.0
-1583	119530.0	120357.0
-1582	119419.0	120526.0
-1581	119401.0	120384.0
-1580	119445.0	120458.0
-1579	119454.0	120401.0
-1578	119648.0	120326.0
-1577	119462.0	120176.0
-1576	119587.0	120399.0
-1575	119399.0	120469.0
-1574	119509.0	120243.0
-1573	119450.0	120376.0
-1572	119316.0	120277.0
-1571	119320.0	120228.0
-1570	119332.0	120330.0
-1569	119470.0	120370.0
-1568	119245.0	120395.0
-1567	119351.0	120445.0
-1566	119704.0	120338.0
-1565	119419.0	120541.0
-1564	119268.0	120308.0
-1563	119337.0	120657.0
-1562	119368.0	120417.0
-1561	119609.0	120351.0
-1560	119571.0	120311.0
-1559	119523.0	120253.0
-1558	119474.0	120289.0
-1557	119458.0	120423.0
-1556	119496.0	120474.0
-1555	119466.0	120347.0
-1554	119710.0	120478.0
-1553	119557.0	120609.0
-1552	119507.0	120554.0
-1551	119698.0	120382.0
-1550	119618.0	120537.0
-1549	119676.0	120287.0
-1548	119703.0	120416.0
-1547	119953.0	120130.0
-1546	119711.0	120596.0
-1545	119711.0	120475.0
-1544	119779.0	120233.0
-1543	119562.0	120514.0
-1542	119795.0	120394.0
-1541	119570.0	120577.0
-1540	119843.0	120360.0
-1539	119981.0	120503.0
-1538	119669.0	120320.0
-1537	119938.0	120447.0
-1536	119579.0	120423.0
-1535	119657.0	120307.0
-1534	119847.0	120499.0
-1533	119658.0	120452.0
-1532	119865.0	120445.0
-1531	119919.0	120286.0
-1530	120049.0	120299.0
-1529	119948.0	120514.0
-1528	119872.0	119987.0
-1527	120137.0	120395.0
-1526	119880.0	120224.0
-1525	120169.0	120357.0
-1524	120183.0	120478.0
-1523	120145.0	120437.0
-1522	120171.0	120267.0
-1521	120324.0	120343.0
-1520	119954.0	120160.0
-1519	120050.0	120542.0
-1518	120229.0	120494.0
-1517	120151.0	120335.0
-1516	120037.0	120512.0
-1515	120006.0	120424.0
-1514	120426.0	120629.0
-1513	120281.0	120482.0
-1512	120290.0	120491.0
-1511	120134.0	120489.0
-1510	120256.0	120424.0
-1509	120353.0	120361.0
-1508	120270.0	120508.0
-1507	120258.0	120368.0
-1506	120408.0	120190.0
-1505	120166.0	120369.0
-1504	120263.0	120263.0
-1503	120340.0	120258.0
-1502	120314.0	120336.0
-1501	120157.0	120291.0
-1500	120219.0	120524.0
-1499	120231.0	120493.0
-1498	120256.0	120246.0
-1497	120367.0	120369.0
-1496	120186.0	120359.0
-1495	120326.0	120294.0
-1494	120291.0	120561.0
-1493	120362.0	120282.0
-1492	120486.0	120176.0
-1491	120344.0	120434.0
-1490	120466.0	120251.0
-1489	120266.0	120312.0
-1488	120213.0	120311.0
-1487	120291.0	120343.0
-1486	120316.0	120483.0
-1485	120425.0	120291.0
-1484	120290.0	120239.0
-1483	120610.0	120452.0
-1482	120329.0	120342.0
-1481	120379.0	120377.0
-1480	120564.0	120266.0
-1479	120560.0	120566.0
-1478	120526.0	120313.0
-1477	120355.0	120204.0
-1476	120303.0	120387.0
-1475	120483.0	120339.0
-1474	120368.0	120309.0
-1473	120505.0	120174.0
-1472	120132.0	120347.0
-1471	120151.0	120377.0
-1470	120302.0	120525.0
-1469	120262.0	120461.0
-1468	120373.0	120266.0
-1467	120263.0	120273.0
-1466	120281.0	120453.0
-1465	120354.0	120276.0
-1464	120092.0	120318.0
-1463	120338.0	120517.0
-1462	120462.0	120488.0
-1461	120305.0	120537.0
-1460	120216.0	120429.0
-1459	120369.0	120344.0
-1458	120268.0	120624.0
-1457	120287.0	120498.0
-1456	120275.0	120325.0
-1455	120444.0	120323.0
-1454	119982.0	120440.0
-1453	120289.0	120357.0
-1452	120262.0	120423.0
-1451	120226.0	120448.0
-1450	120046.0	120604.0
-1449	120154.0	120483.0
-1448	119970.0	120535.0
-1447	120129.0	120542.0
-1446	120031.0	120505.0
-1445	120117.0	120559.0
-1444	119914.0	120486.0
-1443	120083.0	120616.0
-1442	120137.0	120678.0
-1441	120008.0	120382.0
-1440	120139.0	120361.0
-1439	120094.0	120343.0
-1438	120003.0	120405.0
-1437	119797.0	120721.0
-1436	119871.0	120614.0
-1435	119698.0	120749.0
-1434	119815.0	120693.0
-1433	119934.0	120705.0
-1432	119773.0	120773.0
-1431	119833.0	120833.0
-1430	119587.0	120740.0
-1429	119911.0	120643.0
-1428	119554.0	120818.0
-1427	119527.0	120773.0
-1426	119662.0	120865.0
-1425	119670.0	120955.0
-1424	119595.0	120756.0
-1423	119547.0	120861.0
-1422	119772.0	120904.0
-1421	119588.0	120785.0
-1420	119587.0	120942.0
-1419	119581.0	121044.0
-1418	119388.0	121173.0
-1417	119630.0	120967.0
-1416	119472.0	120888.0
-1415	119403.0	121052.0
-1414	119613.0	121122.0
-1413	119505.0	121165.0
-1412	119415.0	121110.0
-1411	119357.0	121278.0
-1410	119172.0	121367.0
-1409	119361.0	121338.0
-1408	119395.0	121415.0
-1407	119295.0	121301.0
-1406	119101.0	121503.0
-1405	119267.0	121327.0
-1404	119405.0	121452.0
-1403	119317.0	121527.0
-1402	119395.0	121385.0
-1401	119366.0	121436.0
-1400	119426.0	121367.0
-1399	119272.0	121251.0
-1398	118939.0	121663.0
-1397	119484.0	121381.0
-1396	118974.0	121504.0
-1395	119338.0	121720.0
-1394	118892.0	121511.0
-1393	119358.0	121679.0
-1392	119037.0	121764.0
-1391	118956.0	121720.0
-1390	118848.0	121630.0
-1389	119137.0	121373.0
-1388	118947.0	121374.0
-1387	119102.0	121701.0
-1386	118902.0	121415.0
-1385	119080.0	121270.0
-1384	118842.0	121515.0
-1383	118939.0	121561.0
-1382	119031.0	121674.0
-1381	118908.0	121333.0
-1380	118971.0	121516.0
-1379	118949.0	121650.0
-1378	118904.0	121663.0
-1377	118850.0	121601.0
-1376	118554.0	121540.0
-1375	118847.0	121761.0
-1374	118877.0	121729.0
-1373	118492.0	121429.0
-1372	118801.0	121527.0
-1371	118569.0	121793.0
-1370	118648.0	121608.0
-1369	118768.0	121580.0
-1368	118724.0	121588.0
-1367	118549.0	121672.0
-1366	118660.0	121631.0
-1365	118727.0	121660.0
-1364	118888.0	121746.0
-1363	119034.0	121840.0
-1362	118590.0	121654.0
-1361	118799.0	121636.0
-1360	118375.0	121670.0
-1359	118712.0	121903.0
-1358	118689.0	121698.0
-1357	118697.0	121687.0
-1356	118718.0	121690.0
-1355	118848.0	121853.0
-1354	118855.0	121583.0
-1353	118591.0	121827.0
-1352	118846.0	121846.0
-1351	118783.0	121729.0
-1350	118725.0	121923.0
-1349	118939.0	121732.0
-1348	119046.0	121592.0
-1347	118755.0	121858.0
-1346	118814.0	121780.0
-1345	118914.0	121880.0
-1344	118769.0	121675.0
-1343	118931.0	121801.0
-1342	118674.0	121767.0
-1341	118803.0	121788.0
-1340	118788.0	121849.0
-1339	118912.0	121460.0
-1338	118836.0	121998.0
-1337	118804.0	121900.0
-1336	118789.0	121669.0
-1335	118796.0	121831.0
-1334	118828.0	121610.0
-1333	118833.0	121822.0
-1332	118714.0	121733.0
-1331	118790.0	121411.0
-1330	118796.0	121527.0
-1329	118875.0	121748.0
-1328	118559.0	121520.0
-1327	118685.0	121780.0
-1326	118968.0	121878.0
-1325	118947.0	121679.0
-1324	118934.0	121621.0
-1323	118791.0	121543.0
-1322	118855.0	121657.0
-1321	118880.0	121596.0
-1320	118780.0	121637.0
-1319	118806.0	121604.0
-1318	119082.0	121514.0
-1317	118845.0	121599.0
-1316	118837.0	121529.0
-1315	118735.0	121414.0
-1314	118968.0	121543.0
-1313	119031.0	121299.0
-1312	118717.0	121531.0
-1311	119167.0	121410.0
-1310	119144.0	121280.0
-1309	118914.0	121471.0
-1308	118941.0	121454.0
-1307	118906.0	121284.0
-1306	119005.0	121224.0
-1305	119116.0	121516.0
-1304	119203.0	121258.0
-1303	119261.0	121372.0
-1302	119174.0	121429.0
-1301	119162.0	121264.0
-1300	118966.0	121337.0
-1299	119513.0	121412.0
-1298	119237.0	121271.0
-1297	119044.0	121354.0
-1296	119193.0	121352.0
-1295	119264.0	121152.0
-1294	119147.0	121071.0
-1293	119158.0	121349.0
-1292	119134.0	121310.0
-1291	119233.0	121215.0
-1290	119370.0	121394.0
-1289	119504.0	121429.0
-1288	119590.0	121025.0
-1287	119521.0	121391.0
-1286	119542.0	121333.0
-1285	119454.0	121440.0
-1284	119509.0	121170.0
-1283	119514.0	120986.0
-1282	119315.0	121243.0
-1281	119702.0	121289.0
-1280	119514.0	121382.0
-1279	119522.0	121136.0
-1278	119677.0	121288.0
-1277	119646.0	121425.0
-1276	119758.0	121250.0
-1275	119821.0	121307.0
-1274	119959.0	121044.0
-1273	119778.0	121012.0
-1272	119955.0	121131.0
-1271	119889.0	121046.0
-1270	119916.0	120955.0
-1269	119765.0	120825.0
-1268	119874.0	120891.0
-1267	119823.0	120792.0
-1266	120061.0	120998.0
-1265	119971.0	120988.0
-1264	119934.0	120840.0
-1263	119889.0	120701.0
-1262	119842.0	120734.0
-1261	120017.0	120773.0
-1260	120039.0	120910.0
-1259	120214.0	120657.0
-1258	120091.0	120902.0
-1257	120322.0	120914.0
-1256	119967.0	120819.0
-1255	120106.0	120718.0
-1254	120165.0	120704.0
-1253	120150.0	120617.0
-1252	120162.0	120530.0
-1251	120218.0	120536.0
-1250	120251.0	120608.0
-1249	120496.0	120431.0
-1248	120268.0	120608.0
-1247	120191.0	120470.0
-1246	120040.0	120378.0
-1245	120330.0	120538.0
-1244	120213.0	120451.0
-1243	120388.0	120394.0
-1242	120185.0	120405.0
-1241	120230.0	120190.0
-1240	120220.0	120443.0
-1239	120175.0	120384.0
-1238	120019.0	120514.0
-1237	120244.0	120288.0
-1236	120098.0	120465.0
-1235	120265.0	120169.0
-1234	120165.0	120236.0
-1233	119961.0	120472.0
-1232	120014.0	120196.0
-1231	120018.0	120233.0
-1230	120167.0	120062.0
-1229	119908.0	120251.0
-1228	119889.0	120257.0
-1227	119772.0	120409.0
-1226	119795.0	120262.0
-1225	119810.0	120024.0
-1224	119866.0	120229.0
-1223	120026.0	120041.0
-1222	119962.0	120018.0
-1221	119877.0	120227.0
-1220	119930.0	120072.0
-1219	119891.0	120250.0
-1218	119975.0	120106.0
-1217	120065.0	120032.0
-1216	119991.0	120031.0
-1215	119812.0	120384.0
-1214	119922.0	120037.0
-1213	119855.0	120202.0
-1212	119938.0	120092.0
-1211	119935.0	120140.0
-1210	119980.0	120077.0
-1209	120030.0	119999.0
-1208	119955.0	120143.0
-1207	120054.0	120148.0
-1206	120046.0	120169.0
-1205	120034.0	120107.0
-1204	119891.0	119968.0
-1203	120002.0	120102.0
-1202	119948.0	120093.0
-1201	119822.0	120239.0
-1200	120063.0	120129.0
-1199	119942.0	120287.0
-1198	119969.0	120205.0
-1197	120003.0	120123.0
-1196	119972.0	120268.0
-1195	120105.0	119933.0
-1194	119732.0	120156.0
-1193	119782.0	120028.0
-1192	119857.0	120172.0
-1191	119892.0	120214.0
-1190	119788.0	120135.0
-1189	119801.0	120122.0
-1188	119870.0	120287.0
-1187	119678.0	120085.0
-1186	119802.0	120048.0
-1185	119678.0	120007.0
-1184	119484.0	120123.0
-1183	119693.0	120226.0
-1182	119635.0	120169.0
-1181	119731.0	120111.0
-1180	119592.0	120391.0
-1179	119819.0	120419.0
-1178	119619.0	120387.0
-1177	119600.0	120479.0
-1176	119551.0	120132.0
-1175	119624.0	120379.0
-1174	119520.0	120269.0
-1173	119540.0	120349.0
-1172	119555.0	120376.0
-1171	119514.0	120652.0
-1170	119562.0	120477.0
-1169	119641.0	120365.0
-1168	119635.0	120524.0
-1167	119620.0	120467.0
-1166	119539.0	120552.0
-1165	119491.0	120620.0
-1164	119527.0	120635.0
-1163	119427.0	120571.0
-1162	119461.0	120563.0
-1161	119496.0	120687.0
-1160	119426.0	120764.0
-1159	119407.0	120747.0
-1158	119386.0	120801.0
-1157	119435.0	120778.0
-1156	119343.0	120788.0
-1155	119500.0	120925.0
-1154	119604.0	120625.0
-1153	119565.0	120730.0
-1152	119633.0	120746.0
-1151	119459.0	120987.0
-1150	119763.0	120865.0
-1149	119484.0	120829.0
-1148	119649.0	120799.0
-1147	119436.0	120825.0
-1146	119543.0	120823.0
-1145	119619.0	120860.0
-1144	119636.0	120885.0
-1143	119551.0	121002.0
-1142	119597.0	120966.0
-1141	119612.0	121026.0
-1140	119573.0	121105.0
-1139	119330.0	121037.0
-1138	119466.0	121107.0
-1137	119600.0	121121.0
-1136	119533.0	121270.0
-1135	119437.0	121202.0
-1134	119666.0	121403.0
-1133	119521.0	121247.0
-1132	119557.0	121239.0
-1131	119737.0	121340.0
-1130	119567.0	121330.0
-1129	119809.0	121461.0
-1128	119518.0	121436.0
-1127	119638.0	121381.0
-1126	119678.0	121335.0
-1125	119702.0	121348.0
-1124	119614.0	121470.0
-1123	119771.0	121429.0
-1122	119672.0	121313.0
-1121	119872.0	121405.0
-1120	119901.0	121487.0
-1119	119877.0	121346.0
-1118	119775.0	121427.0
-1117	119873.0	121374.0
-1116	120094.0	121241.0
-1115	119704.0	121558.0
-1114	120036.0	121332.0
-1113	119949.0	121224.0
-1112	119943.0	121249.0
-1111	119998.0	121341.0
-1110	120000.0	121500.0
-1109	120085.0	121189.0
-1108	120049.0	121213.0
-1107	119927.0	121492.0
-1106	120210.0	121329.0
-1105	120024.0	121297.0
-1104	120052.0	121280.0
-1103	120039.0	121285.0
-1102	120012.0	121271.0
-1101	120041.0	121297.0
-1100	120046.0	121428.0
-1099	120102.0	121320.0
-1098	119975.0	121511.0
-1097	119975.0	121262.0
-1096	120052.0	121088.0
-1095	120028.0	120956.0
-1094	120028.0	121096.0
-1093	120003.0	121246.0
-1092	119961.0	121278.0
-1091	119932.0	121309.0
-1090	120150.0	121246.0
-1089	120138.0	121133.0
-1088	120003.0	121363.0
-1087	120219.0	121138.0
-1086	120096.0	121011.0
-1085	120144.0	121094.0
-1084	119977.0	121177.0
-1083	120236.0	121311.0
-1082	120097.0	121234.0
-1081	120208.0	121120.0
-1080	120121.0	121216.0
-1079	120273.0	121165.0
-1078	119932.0	121421.0
-1077	119996.0	121370.0
-1076	120030.0	121311.0
-1075	120023.0	121378.0
-1074	119900.0	121416.0
-1073	119882.0	121131.0
-1072	119894.0	121302.0
-1071	120018.0	121138.0
-1070	120008.0	121083.0
-1069	119868.0	121179.0
-1068	119976.0	121248.0
-1067	120136.0	121181.0
-1066	119894.0	121270.0
-1065	120133.0	121011.0
-1064	119819.0	121209.0
-1063	119962.0	121298.0
-1062	120014.0	121081.0
-1061	119876.0	121332.0
-1060	120047.0	121271.0
-1059	120102.0	121230.0
-1058	119997.0	121270.0
-1057	120079.0	121164.0
-1056	120074.0	121208.0
-1055	120044.0	121134.0
-1054	119941.0	121304.0
-1053	119945.0	121112.0
-1052	120298.0	120996.0
-1051	120225.0	120863.0
-1050	120225.0	121212.0
-1049	120119.0	121179.0
-1048	120302.0	121037.0
-1047	120096.0	120994.0
-1046	120338.0	120912.0
-1045	120165.0	120990.0
-1044	120277.0	121142.0
-1043	120166.0	120950.0
-1042	120205.0	121013.0
-1041	120174.0	121169.0
-1040	120197.0	121015.0
-1039	120220.0	121005.0
-1038	120187.0	120916.0
-1037	120154.0	120848.0
-1036	120375.0	120897.0
-1035	120075.0	120851.0
-1034	120464.0	120980.0
-1033	120245.0	120850.0
-1032	120330.0	120898.0
-1031	120183.0	120755.0
-1030	120355.0	120805.0
-1029	120266.0	120940.0
-1028	120088.0	120911.0
-1027	120253.0	120789.0
-1026	120257.0	120660.0
-1025	120048.0	120782.0
-1024	120117.0	121002.0
-1023	119855.0	121004.0
-1022	120023.0	120876.0
-1021	120205.0	120864.0
-1020	120285.0	120934.0
-1019	120124.0	120730.0
-1018	120296.0	120881.0
-1017	119955.0	120747.0
-1016	120207.0	120759.0
-1015	120137.0	120712.0
-1014	120027.0	120855.0
-1013	120107.0	120687.0
-1012	119968.0	120955.0
-1011	120211.0	120944.0
-1010	120037.0	120802.0
-1009	119908.0	120658.0
-1008	119890.0	120908.0
-1007	120097.0	120992.0
-1006	120194.0	120857.0
-1005	120117.0	120937.0
-1004	120186.0	120954.0
-1003	119988.0	121214.0
-1002	120139.0	120888.0
-1001	120191.0	121089.0
-1000	119982.0	120905.0
-999	120200.0	120926.0
-998	120078.0	121077.0
-997	120093.0	121009.0
-996	120152.0	121066.0
-995	120168.0	120914.0
-994	119807.0	121004.0
-993	120140.0	120960.0
-992	120041.0	121071.0
-991	120116.0	121164.0
-990	119931.0	121003.0
-989	120098.0	121150.0
-988	119818.0	121172.0
-987	120305.0	121382.0
-986	120198.0	121045.0
-985	120003.0	121258.0
-984	120333.0	121131.0
-983	120228.0	121230.0
-982	120044.0	121042.0
-981	120023.0	121291.0
-980	119847.0	121108.0
-979	120052.0	121329.0
-978	120121.0	121193.0
-977	120095.0	121223.0
-976	120327.0	121101.0
-975	120151.0	121453.0
-974	120117.0	121217.0
-973	120120.0	121392.0
-972	120075.0	121296.0
-971	120151.0	121193.0
-970	119838.0	121255.0
-969	119975.0	121345.0
-968	119959.0	121160.0
-967	120085.0	121225.0
-966	120053.0	121415.0
-965	120049.0	121218.0
-964	120094.0	121284.0
-963	120083.0	121484.0
-962	120017.0	121400.0
-961	120048.0	121270.0
-960	120136.0	121345.0
-959	120307.0	121232.0
-958	120018.0	121358.0
-957	120123.0	121495.0
-956	120243.0	121395.0
-955	120300.0	121507.0
-954	120270.0	121506.0
-953	120218.0	121296.0
-952	120214.0	121467.0
-951	120085.0	121557.0
-950	120070.0	121346.0
-949	120248.0	121467.0
-948	120155.0	121482.0
-947	120220.0	121292.0
-946	120273.0	121655.0
-945	120181.0	121284.0
-944	120256.0	121629.0
-943	120195.0	121642.0
-942	120361.0	121589.0
-941	120514.0	121345.0
-940	120392.0	121559.0
-939	120159.0	121719.0
-938	120285.0	121613.0
-937	120297.0	121505.0
-936	120400.0	121437.0
-935	120341.0	121381.0
-934	120096.0	121648.0
-933	120377.0	121326.0
-932	120317.0	121487.0
-931	120095.0	121713.0
-930	120173.0	121724.0
-929	120180.0	121770.0
-928	120017.0	121848.0
-927	120384.0	122003.0
-926	120261.0	121785.0
-925	120130.0	121914.0
-924	120518.0	121883.0
-923	120288.0	121732.0
-922	120308.0	121608.0
-921	120520.0	121663.0
-920	120340.0	121586.0
-919	120199.0	121736.0
-918	120443.0	121649.0
-917	120365.0	121910.0
-916	120296.0	121702.0
-915	120587.0	121697.0
-914	120385.0	121718.0
-913	120382.0	121682.0
-912	120104.0	121907.0
-911	120501.0	121770.0
-910	120162.0	121476.0
-909	120293.0	121588.0
-908	120344.0	121750.0
-907	120482.0	121848.0
-906	120533.0	121398.0
-905	120419.0	121693.0
-904	120358.0	121571.0
-903	120218.0	121699.0
-902	120137.0	121509.0
-901	120515.0	121750.0
-900	120226.0	121640.0
-899	120429.0	121503.0
-898	120309.0	121762.0
-897	120481.0	121689.0
-896	120221.0	121626.0
-895	120288.0	121585.0
-894	120619.0	121915.0
-893	120470.0	121453.0
-892	120546.0	121488.0
-891	120455.0	121744.0
-890	120618.0	121720.0
-889	120522.0	121780.0
-888	120533.0	121653.0
-887	120726.0	121552.0
-886	120612.0	121604.0
-885	120670.0	121762.0
-884	120810.0	121575.0
-883	120690.0	121686.0
-882	120662.0	121521.0
-881	120674.0	121710.0
-880	120640.0	121562.0
-879	120904.0	121603.0
-878	120944.0	121550.0
-877	120824.0	121717.0
-876	121091.0	121454.0
-875	121104.0	121218.0
-874	120847.0	121708.0
-873	121077.0	121438.0
-872	120983.0	121568.0
-871	121126.0	121338.0
-870	121138.0	121370.0
-869	121195.0	121576.0
-868	121147.0	121607.0
-867	121241.0	121645.0
-866	121188.0	121567.0
-865	121183.0	121693.0
-864	121169.0	121621.0
-863	121150.0	121468.0
-862	121073.0	121556.0
-861	121295.0	121707.0
-860	120749.0	121721.0
-859	121132.0	121710.0
-858	121460.0	121426.0
-857	121333.0	121615.0
-856	121226.0	121563.0
-855	121199.0	121628.0
-854	121029.0	121521.0
-853	121216.0	121522.0
-852	121375.0	121286.0
-851	121202.0	121472.0
-850	121186.0	121399.0
-849	121543.0	121497.0
-848	121405.0	121582.0
-847	121270.0	121658.0
-846	121143.0	121458.0
-845	121354.0	121708.0
-844	121504.0	121617.0
-843	121713.0	121374.0
-842	121447.0	121735.0
-841	121480.0	121659.0
-840	121619.0	121442.0
-839	121523.0	121550.0
-838	121501.0	121604.0
-837	121512.0	121588.0
-836	121243.0	121554.0
-835	121264.0	121624.0
-834	121771.0	121783.0
-833	121475.0	121728.0
-832	121391.0	121697.0
-831	121600.0	121771.0
-830	121562.0	121649.0
-829	121320.0	121800.0
-828	121409.0	121825.0
-827	121486.0	121723.0
-826	121333.0	121991.0
-825	121608.0	121716.0
-824	121709.0	121600.0
-823	121440.0	121831.0
-822	121403.0	121744.0
-821	121225.0	121766.0
-820	121078.0	121730.0
-819	121429.0	121963.0
-818	121297.0	121742.0
-817	121298.0	121698.0
-816	121403.0	121839.0
-815	121335.0	121696.0
-814	121343.0	121716.0
-813	121493.0	121746.0
-812	121233.0	121865.0
-811	121217.0	121697.0
-810	121165.0	121726.0
-809	121399.0	121709.0
-808	121198.0	121762.0
-807	121354.0	121707.0
-806	121093.0	121742.0
-805	121263.0	121884.0
-804	121309.0	121811.0
-803	121155.0	122001.0
-802	121162.0	121941.0
-801	121383.0	121801.0
-800	121175.0	121725.0
-799	120951.0	121726.0
-798	121267.0	121778.0
-797	121279.0	121666.0
-796	121217.0	121891.0
-795	121119.0	121669.0
-794	121167.0	121718.0
-793	121082.0	121921.0
-792	121348.0	121441.0
-791	121486.0	121847.0
-790	121207.0	121631.0
-789	121351.0	121706.0
-788	121224.0	121630.0
-787	121169.0	121716.0
-786	121369.0	121551.0
-785	121149.0	121523.0
-784	121008.0	121809.0
-783	121236.0	121935.0
-782	121301.0	121963.0
-781	121281.0	121887.0
-780	121103.0	121808.0
-779	120974.0	121808.0
-778	121044.0	121626.0
-777	121155.0	121826.0
-776	121226.0	121797.0
-775	121230.0	121567.0
-774	121193.0	121899.0
-773	121062.0	121946.0
-772	121230.0	121835.0
-771	121296.0	121751.0
-770	121167.0	121720.0
-769	121168.0	122055.0
-768	121290.0	122078.0
-767	121216.0	122074.0
-766	121335.0	121810.0
-765	121158.0	121830.0
-764	121338.0	121841.0
-763	121252.0	122079.0
-762	121226.0	122138.0
-761	121326.0	121955.0
-760	121256.0	122148.0
-759	121124.0	122086.0
-758	121016.0	122187.0
-757	121095.0	122052.0
-756	121227.0	122016.0
-755	121019.0	122064.0
-754	121102.0	122240.0
-753	121187.0	122234.0
-752	121179.0	122255.0
-751	120954.0	122387.0
-750	121395.0	122531.0
-749	121158.0	122314.0
-748	121079.0	122462.0
-747	121223.0	122377.0
-746	121232.0	122431.0
-745	121249.0	122393.0
-744	121278.0	122483.0
-743	121268.0	122436.0
-742	121212.0	122575.0
-741	121364.0	122527.0
-740	121366.0	122471.0
-739	121323.0	122486.0
-738	121234.0	122516.0
-737	121332.0	122877.0
-736	121305.0	122394.0
-735	121428.0	122799.0
-734	121284.0	122459.0
-733	121208.0	122662.0
-732	121329.0	122731.0
-731	121320.0	122422.0
-730	121285.0	122816.0
-729	121735.0	122894.0
-728	121134.0	122781.0
-727	121558.0	122976.0
-726	121442.0	122965.0
-725	121427.0	122881.0
-724	121148.0	122880.0
-723	121555.0	122921.0
-722	121280.0	122831.0
-721	121522.0	123110.0
-720	121774.0	122745.0
-719	121456.0	122962.0
-718	121539.0	122760.0
-717	121594.0	122821.0
-716	121660.0	122832.0
-715	121647.0	122769.0
-714	121704.0	123113.0
-713	121629.0	122778.0
-712	121723.0	122952.0
-711	121687.0	123046.0
-710	121717.0	123072.0
-709	122010.0	122882.0
-708	121878.0	123015.0
-707	121658.0	122817.0
-706	121825.0	122792.0
-705	121857.0	122722.0
-704	121749.0	122840.0
-703	121684.0	122872.0
-702	121778.0	122934.0
-701	121765.0	123004.0
-700	121879.0	122877.0
-699	121714.0	122668.0
-698	121806.0	122739.0
-697	121795.0	122715.0
-696	122145.0	122948.0
-695	121684.0	122629.0
-694	121861.0	122736.0
-693	121917.0	122829.0
-692	121664.0	122870.0
-691	121870.0	123179.0
-690	121587.0	122834.0
-689	121739.0	122782.0
-688	121805.0	122888.0
-687	121752.0	122855.0
-686	121758.0	122647.0
-685	121864.0	122820.0
-684	121924.0	122593.0
-683	121705.0	122849.0
-682	121730.0	122922.0
-681	122004.0	122774.0
-680	121789.0	122627.0
-679	121744.0	122817.0
-678	122078.0	122710.0
-677	121875.0	122785.0
-676	121937.0	122637.0
-675	122008.0	122741.0
-674	121873.0	122904.0
-673	122026.0	122732.0
-672	121928.0	122875.0
-671	122199.0	122818.0
-670	122079.0	122555.0
-669	122033.0	122586.0
-668	122143.0	122568.0
-667	122165.0	122817.0
-666	122179.0	122911.0
-665	122156.0	122776.0
-664	122365.0	122595.0
-663	122229.0	122750.0
-662	122192.0	122511.0
-661	122364.0	122825.0
-660	122077.0	122582.0
-659	122188.0	122624.0
-658	122041.0	122702.0
-657	122297.0	122870.0
-656	122212.0	122471.0
-655	122027.0	122885.0
-654	122239.0	122480.0
-653	122227.0	122648.0
-652	122239.0	122544.0
-651	122320.0	122590.0
-650	122189.0	122757.0
-649	122153.0	122779.0
-648	122200.0	122810.0
-647	122251.0	122789.0
-646	122371.0	122954.0
-645	122246.0	122727.0
-644	122151.0	122878.0
-643	121959.0	122652.0
-642	122182.0	122821.0
-641	122313.0	122508.0
-640	122146.0	122617.0
-639	122022.0	122559.0
-638	122069.0	122500.0
-637	122077.0	122673.0
-636	122256.0	122683.0
-635	122173.0	122714.0
-634	121988.0	122723.0
-633	122190.0	122769.0
-632	122198.0	122813.0
-631	122102.0	122754.0
-630	122072.0	122919.0
-629	122120.0	122855.0
-628	122087.0	122623.0
-627	122013.0	122748.0
-626	122227.0	122784.0
-625	122169.0	122494.0
-624	122110.0	122597.0
-623	122098.0	122479.0
-622	121953.0	122755.0
-621	121836.0	122528.0
-620	122029.0	122712.0
-619	121883.0	122800.0
-618	121974.0	122540.0
-617	122126.0	122605.0
-616	121954.0	122681.0
-615	121969.0	122887.0
-614	121931.0	122550.0
-613	122090.0	122869.0
-612	122053.0	122744.0
-611	122019.0	122555.0
-610	122127.0	122938.0
-609	122278.0	122799.0
-608	122025.0	122758.0
-607	122154.0	122805.0
-606	122086.0	122679.0
-605	122140.0	122735.0
-604	121962.0	122782.0
-603	121897.0	122807.0
-602	121918.0	122628.0
-601	121890.0	122886.0
-600	121849.0	122990.0
-599	121929.0	122618.0
-598	121892.0	122823.0
-597	122079.0	122935.0
-596	121958.0	122794.0
-595	121882.0	122783.0
-594	121840.0	122923.0
-593	122007.0	122833.0
-592	121809.0	123133.0
-591	122167.0	122986.0
-590	121982.0	122878.0
-589	121793.0	123134.0
-588	121818.0	123095.0
-587	122154.0	122933.0
-586	121985.0	123012.0
-585	122073.0	122830.0
-584	121876.0	123016.0
-583	122165.0	123037.0
-582	122188.0	123082.0
-581	121890.0	123050.0
-580	122169.0	122880.0
-579	122093.0	123224.0
-578	121887.0	122848.0
-577	121996.0	123121.0
-576	122182.0	122959.0
-575	121956.0	122872.0
-574	122165.0	123066.0
-573	122296.0	123106.0
-572	122002.0	123121.0
-571	122032.0	123202.0
-570	122223.0	123135.0
-569	122062.0	123255.0
-568	121927.0	122969.0
-567	121863.0	123279.0
-566	122041.0	123064.0
-565	121922.0	123116.0
-564	122085.0	123206.0
-563	122305.0	123219.0
-562	122092.0	123256.0
-561	122225.0	123279.0
-560	122021.0	123549.0
-559	122119.0	123156.0
-558	122170.0	123398.0
-557	122221.0	123313.0
-556	122081.0	123348.0
-555	122341.0	123327.0
-554	122273.0	123611.0
-553	122417.0	123632.0
-552	122208.0	123741.0
-551	122411.0	123569.0
-550	122393.0	123449.0
-549	122633.0	123433.0
-548	122223.0	123572.0
-547	122297.0	123460.0
-546	122361.0	123662.0
-545	122433.0	123469.0
-544	122369.0	123706.0
-543	122479.0	123199.0
-542	122289.0	123575.0
-541	122207.0	123443.0
-540	122508.0	123549.0
-539	122339.0	123690.0
-538	122303.0	123583.0
-537	122472.0	123703.0
-536	122375.0	123492.0
-535	122370.0	123845.0
-534	122593.0	123634.0
-533	122487.0	123649.0
-532	122462.0	123608.0
-531	122424.0	123755.0
-530	122364.0	123717.0
-529	122438.0	123765.0
-528	122529.0	123791.0
-527	122111.0	123828.0
-526	122399.0	123838.0
-525	122517.0	123645.0
-524	122202.0	123558.0
-523	122337.0	123715.0
-522	122581.0	123741.0
-521	122572.0	123816.0
-520	122426.0	123945.0
-519	122555.0	124004.0
-518	122428.0	123639.0
-517	122520.0	123819.0
-516	122768.0	123749.0
-515	122281.0	123830.0
-514	122496.0	123700.0
-513	122660.0	123853.0
-512	122505.0	123702.0
-511	122612.0	123708.0
-510	122825.0	123783.0
-509	122490.0	123961.0
-508	122510.0	123931.0
-507	122795.0	123792.0
-506	122769.0	123615.0
-505	122647.0	123661.0
-504	122674.0	123755.0
-503	122821.0	123766.0
-502	122691.0	123662.0
-501	122856.0	123728.0
-500	122831.0	123705.0
-499	122575.0	123553.0
-498	122711.0	123713.0
-497	122602.0	123692.0
-496	122631.0	123645.0
-495	122741.0	123723.0
-494	122589.0	123657.0
-493	122532.0	123613.0
-492	122909.0	123808.0
-491	122660.0	123621.0
-490	122497.0	123658.0
-489	122814.0	123402.0
-488	122570.0	123469.0
-487	122950.0	123743.0
-486	122673.0	123589.0
-485	122731.0	123531.0
-484	122636.0	123774.0
-483	122931.0	123469.0
-482	122540.0	123556.0
-481	122858.0	123495.0
-480	122847.0	123715.0
-479	122498.0	123541.0
-478	122606.0	123585.0
-477	122661.0	123682.0
-476	122791.0	123641.0
-475	122635.0	123531.0
-474	122743.0	123684.0
-473	122588.0	123443.0
-472	122496.0	123472.0
-471	122733.0	123601.0
-470	122609.0	123688.0
-469	122706.0	123505.0
-468	122740.0	123717.0
-467	122951.0	123515.0
-466	122703.0	123590.0
-465	122893.0	123728.0
-464	122528.0	123526.0
-463	122807.0	123765.0
-462	122759.0	123568.0
-461	122555.0	123726.0
-460	122857.0	123537.0
-459	122785.0	123560.0
-458	122974.0	123661.0
-457	122820.0	123746.0
-456	122868.0	123717.0
-455	122909.0	123763.0
-454	122861.0	123840.0
-453	122961.0	123635.0
-452	122977.0	123785.0
-451	122820.0	123766.0
-450	123021.0	123661.0
-449	122907.0	123717.0
-448	123045.0	123519.0
-447	123063.0	123621.0
-446	122958.0	123793.0
-445	123126.0	123625.0
-444	123075.0	123723.0
-443	122936.0	123631.0
-442	123014.0	123825.0
-441	123050.0	123823.0
-440	123079.0	123560.0
-439	122999.0	123711.0
-438	123111.0	123767.0
-437	123091.0	123761.0
-436	123131.0	123462.0
-435	123314.0	123603.0
-434	123127.0	123732.0
-433	123177.0	123617.0
-432	123125.0	123762.0
-431	123058.0	123584.0
-430	123251.0	123630.0
-429	123354.0	123915.0
-428	123260.0	123871.0
-427	123270.0	123855.0
-426	123489.0	123796.0
-425	123218.0	123784.0
-424	123290.0	123919.0
-423	123485.0	123751.0
-422	123309.0	123824.0
-421	123360.0	123699.0
-420	123416.0	123762.0
-419	123487.0	123951.0
-418	123359.0	123639.0
-417	123629.0	123855.0
-416	123426.0	123928.0
-415	123587.0	123858.0
-414	123549.0	123877.0
-413	123470.0	123793.0
-412	123709.0	124052.0
-411	123667.0	123903.0
-410	123722.0	123821.0
-409	123704.0	123770.0
-408	123727.0	123936.0
-407	123729.0	123902.0
-406	123623.0	124011.0
-405	123676.0	123708.0
-404	123541.0	123848.0
-403	123610.0	123917.0
-402	123867.0	123880.0
-401	123693.0	123796.0
-400	123710.0	124102.0
-399	123821.0	124052.0
-398	123744.0	123689.0
-397	123771.0	123890.0
-396	123987.0	123925.0
-395	123975.0	123755.0
-394	123955.0	123829.0
-393	123933.0	123913.0
-392	123902.0	123796.0
-391	124032.0	123776.0
-390	124215.0	123828.0
-389	124201.0	123867.0
-388	123991.0	123981.0
-387	124351.0	123963.0
-386	124009.0	123898.0
-385	124260.0	124028.0
-384	124408.0	124131.0
-383	123998.0	123934.0
-382	124220.0	124111.0
-381	124410.0	124281.0
-380	124358.0	123957.0
-379	124437.0	123976.0
-378	124448.0	124207.0
-377	124355.0	124143.0
-376	124356.0	124190.0
-375	124461.0	123845.0
-374	124382.0	123926.0
-373	124388.0	124240.0
-372	124679.0	124181.0
-371	124432.0	124147.0
-370	124684.0	124155.0
-369	124964.0	124294.0
-368	124689.0	124421.0
-367	124696.0	124255.0
-366	124844.0	124099.0
-365	124837.0	124064.0
-364	124876.0	124074.0
-363	124827.0	124392.0
-362	124731.0	124331.0
-361	124894.0	124248.0
-360	124724.0	124071.0
-359	124774.0	124046.0
-358	125102.0	124356.0
-357	125001.0	124260.0
-356	124886.0	124248.0
-355	124979.0	124365.0
-354	125100.0	124233.0
-353	125095.0	124261.0
-352	124905.0	124292.0
-351	125180.0	124462.0
-350	125132.0	124171.0
-349	125183.0	124272.0
-348	125312.0	124245.0
-347	125265.0	124126.0
-346	125086.0	124201.0
-345	125488.0	124271.0
-344	125239.0	124140.0
-343	125327.0	124346.0
-342	125450.0	124270.0
-341	125193.0	124177.0
-340	125201.0	124422.0
-339	125486.0	124459.0
-338	125520.0	124309.0
-337	125301.0	124293.0
-336	125643.0	124303.0
-335	125800.0	124166.0
-334	125811.0	124643.0
-333	125920.0	124488.0
-332	126126.0	124231.0
-331	125861.0	124202.0
-330	125938.0	124434.0
-329	126007.0	124337.0
-328	125970.0	124445.0
-327	125933.0	124653.0
-326	125916.0	124186.0
-325	125910.0	124608.0
-324	126148.0	124336.0
-323	126188.0	124408.0
-322	126083.0	124493.0
-321	126367.0	124603.0
-320	126118.0	124375.0
-319	126159.0	124618.0
-318	126353.0	124519.0
-317	126355.0	124490.0
-316	126405.0	124405.0
-315	126559.0	124566.0
-314	126475.0	124683.0
-313	126364.0	124379.0
-312	126679.0	124799.0
-311	126450.0	124766.0
-310	126499.0	124668.0
-309	126668.0	124718.0
-308	126419.0	124419.0
-307	126460.0	124845.0
-306	126800.0	124817.0
-305	126500.0	124644.0
-304	126543.0	124752.0
-303	126698.0	125026.0
-302	126660.0	124784.0
-301	126788.0	124894.0
-300	127090.0	124947.0
-299	126922.0	124843.0
-298	126997.0	124871.0
-297	127343.0	124801.0
-296	126641.0	125038.0
-295	126801.0	124985.0
-294	127221.0	124997.0
-293	127246.0	124973.0
-292	126969.0	124919.0
-291	127069.0	124986.0
-290	127187.0	124893.0
-289	127092.0	124965.0
-288	127379.0	124984.0
-287	127258.0	124950.0
-286	127272.0	125138.0
-285	127724.0	125072.0
-284	127431.0	125127.0
-283	127537.0	125316.0
-282	127552.0	125258.0
-281	127695.0	125248.0
-280	127778.0	125288.0
-279	127746.0	125227.0
-278	127550.0	125131.0
-277	127655.0	125308.0
-276	127843.0	125244.0
-275	127989.0	125250.0
-274	127791.0	125310.0
-273	127999.0	125242.0
-272	127723.0	125326.0
-271	127846.0	125268.0
-270	127818.0	125429.0
-269	128024.0	125116.0
-268	127760.0	125221.0
-267	128020.0	125385.0
-266	128103.0	125386.0
-265	127976.0	125469.0
-264	128165.0	125291.0
-263	128257.0	125570.0
-262	127901.0	125438.0
-261	128293.0	125588.0
-260	128263.0	125353.0
-259	128248.0	125663.0
-258	128628.0	125496.0
-257	128334.0	125436.0
-256	128093.0	125479.0
-255	128421.0	125596.0
-254	128417.0	125478.0
-253	128398.0	125669.0
-252	128395.0	125766.0
-251	128349.0	125660.0
-250	128413.0	125669.0
-249	128492.0	125744.0
-248	128137.0	125415.0
-247	128460.0	125814.0
-246	128518.0	125672.0
-245	128481.0	125762.0
-244	128773.0	125880.0
-243	128791.0	125848.0
-242	128690.0	125968.0
-241	128586.0	125985.0
-240	128597.0	125990.0
-239	128565.0	125985.0
-238	128946.0	125850.0
-237	128888.0	125956.0
-236	128668.0	126043.0
-235	128720.0	126039.0
-234	129140.0	126006.0
-233	128857.0	126059.0
-232	128750.0	126325.0
-231	129026.0	126086.0
-230	128773.0	126159.0
-229	128760.0	126208.0
-228	128762.0	126420.0
-227	128962.0	126424.0
-226	128893.0	126315.0
-225	129125.0	126265.0
-224	128874.0	126127.0
-223	129113.0	126140.0
-222	129159.0	126732.0
-221	129102.0	126421.0
-220	129141.0	126555.0
-219	129286.0	126377.0
-218	129046.0	126449.0
-217	129292.0	126356.0
-216	129752.0	126556.0
-215	129218.0	126524.0
-214	129380.0	126762.0
-213	129419.0	126516.0
-212	129395.0	126533.0
-211	129087.0	126714.0
-210	129302.0	126808.0
-209	129346.0	126662.0
-208	129298.0	126699.0
-207	129428.0	126961.0
-206	129479.0	127022.0
-205	129289.0	126840.0
-204	129538.0	126804.0
-203	129425.0	127020.0
-202	129375.0	126934.0
-201	129859.0	126989.0
-200	129601.0	127101.0
-199	129479.0	127135.0
-198	129834.0	126967.0
-197	129563.0	126989.0
-196	129555.0	127236.0
-195	129916.0	127074.0
-194	129841.0	127107.0
-193	129538.0	127340.0
-192	129767.0	127312.0
-191	129603.0	127236.0
-190	129709.0	127400.0
-189	129878.0	127328.0
-188	129819.0	127410.0
-187	129784.0	127471.0
-186	130060.0	127438.0
-185	130122.0	127244.0
-184	129838.0	127442.0
-183	129892.0	127281.0
-182	129777.0	127455.0
-181	129976.0	127557.0
-180	129827.0	127640.0
-179	130031.0	127542.0
-178	129838.0	127803.0
-177	130039.0	127800.0
-176	129953.0	127867.0
-175	129975.0	127621.0
-174	130301.0	127785.0
-173	129921.0	127807.0
-172	129992.0	127810.0
-171	130267.0	127986.0
-170	129855.0	127831.0
-169	130045.0	128047.0
-168	130211.0	128055.0
-167	130216.0	128063.0
-166	130075.0	128171.0
-165	130445.0	128327.0
-164	130367.0	128288.0
-163	130236.0	128260.0
-162	130716.0	128249.0
-161	130369.0	128446.0
-160	130567.0	128495.0
-159	130862.0	128583.0
-158	130334.0	128366.0
-157	130699.0	128509.0
-156	130672.0	128612.0
-155	130615.0	128556.0
-154	130589.0	128728.0
-153	130953.0	128896.0
-152	130956.0	128718.0
-151	130859.0	128871.0
-150	131176.0	129039.0
-149	130946.0	128829.0
-148	131002.0	129043.0
-147	131265.0	129212.0
-146	131116.0	128851.0
-145	131343.0	129065.0
-144	131482.0	129239.0
-143	131311.0	129357.0
-142	131412.0	129315.0
-141	131714.0	129441.0
-140	131791.0	129408.0
-139	131416.0	129371.0
-138	131631.0	129527.0
-137	131529.0	129588.0
-136	131586.0	129594.0
-135	131843.0	129829.0
-134	131822.0	129650.0
-133	131663.0	129762.0
-132	131887.0	129886.0
-131	131754.0	129727.0
-130	131962.0	129818.0
-129	132104.0	129924.0
-128	132017.0	129905.0
-127	132295.0	130074.0
-126	132447.0	130201.0
-125	132447.0	130141.0
-124	132387.0	130265.0
-123	132796.0	130114.0
-122	132651.0	130262.0
-121	132807.0	130104.0
-120	133194.0	130239.0
-119	132990.0	130196.0
-118	133405.0	130439.0
-117	133545.0	130383.0
-116	133590.0	130209.0
-115	133895.0	130381.0
-114	134276.0	130356.0
-113	134164.0	130536.0
-112	134444.0	130337.0
-111	134976.0	130421.0
-110	134970.0	130383.0
-109	135476.0	130541.0
-108	135618.0	130630.0
-107	135721.0	130432.0
-106	135992.0	130627.0
-105	136192.0	130811.0
-104	136463.0	130633.0
-103	136985.0	130820.0
-102	137351.0	131059.0
-101	137612.0	130781.0
-100	137976.0	130682.0
-99	138438.0	131065.0
-98	138794.0	130767.0
-97	139140.0	130929.0
-96	139629.0	130857.0
-95	139724.0	130819.0
-94	140507.0	131137.0
-93	140935.0	131303.0
-92	141375.0	130801.0
-91	141509.0	131133.0
-90	142262.0	131071.0
-89	142754.0	130796.0
-88	143047.0	131188.0
-87	143744.0	131198.0
-86	144042.0	131156.0
-85	144518.0	131013.0
-84	145115.0	131288.0
-83	145532.0	131205.0
-82	146118.0	131158.0
-81	146586.0	131222.0
-80	146896.0	131213.0
-79	147583.0	131099.0
-78	148189.0	131339.0
-77	148705.0	131218.0
-76	149248.0	131310.0
-75	149789.0	131316.0
-74	150083.0	131280.0
-73	150524.0	131481.0
-72	151487.0	131287.0
-71	152009.0	131314.0
-70	152694.0	131410.0
-69	153191.0	131538.0
-68	153658.0	131337.0
-67	154368.0	131550.0
-66	155238.0	131870.0
-65	155418.0	131277.0
-64	156079.0	131509.0
-63	156796.0	131536.0
-62	157322.0	131536.0
-61	158067.0	131634.0
-60	158640.0	131259.0
-59	159187.0	131379.0
-58	159947.0	131421.0
-57	160640.0	131478.0
-56	161300.0	131693.0
-55	162082.0	131631.0
-54	162811.0	131457.0
-53	163278.0	131557.0
-52	164114.0	131762.0
-51	164783.0	131697.0
-50	165502.0	131477.0
-49	166164.0	131575.0
-48	166831.0	131863.0
-47	167502.0	131722.0
-46	168594.0	131618.0
-45	169134.0	131423.0
-44	169678.0	131826.0
-43	170452.0	131868.0
-42	171347.0	131857.0
-41	171958.0	131906.0
-40	172746.0	131934.0
-39	173626.0	132104.0
-38	174197.0	131926.0
-37	175132.0	132098.0
-36	175940.0	132056.0
-35	176636.0	131844.0
-34	177438.0	132303.0
-33	178230.0	131957.0
-32	178975.0	132109.0
-31	179784.0	131981.0
-30	180778.0	132253.0
-29	181447.0	132033.0
-28	182170.0	132479.0
-27	183064.0	132371.0
-26	183520.0	132357.0
-25	184454.0	132232.0
-24	185346.0	132415.0
-23	186078.0	132423.0
-22	187056.0	132590.0
-21	188100.0	132554.0
-20	189028.0	132469.0
-19	189498.0	132598.0
-18	190751.0	132782.0
-17	191325.0	132634.0
-16	191966.0	132905.0
-15	192885.0	132694.0
-14	193634.0	132877.0
-13	194374.0	132659.0
-12	194994.0	132933.0
-11	195602.0	133144.0
-10	196484.0	133240.0
-9	197076.0	133185.0
-8	197309.0	133242.0
-7	198464.0	133595.0
-6	199360.0	133675.0
-5	200717.0	133689.0
-4	201650.0	133163.0
-3	202622.0	133731.0
-2	204108.0	133488.0
-1	203020.0	134507.0
0	2278.0	130549.0
1	207269.0	135172.0
2	208267.0	132668.0
3	206535.0	135402.0
4	206031.0	132959.0
5	204859.0	133532.0
6	203779.0	134330.0
7	203058.0	133542.0
8	201690.0	134649.0
9	201332.0	133179.0
10	200721.0	133037.0
11	199805.0	133270.0
12	198993.0	133436.0
13	198679.0	133653.0
14	197769.0	133880.0
15	197204.0	134360.0
16	196238.0	134782.0
17	195530.0	135143.0
18	194714.0	135558.0
19	193579.0	136001.0
20	192558.0	136321.0
21	191554.0	136860.0
22	190872.0	136877.0
23	189914.0	137269.0
24	189129.0	137456.0
25	188176.0	137317.0
26	187377.0	137888.0
27	186884.0	138409.0
28	185801.0	138639.0
29	184782.0	139105.0
30	184384.0	139760.0
31	183453.0	139885.0
32	182798.0	140578.0
33	182005.0	141300.0
34	180947.0	141694.0
35	180442.0	142106.0
36	179686.0	142826.0
37	178904.0	143162.0
38	178213.0	143914.0
39	177206.0	144260.0
40	176233.0	144527.0
41	175497.0	145050.0
42	175141.0	145681.0
43	174044.0	145777.0
44	173335.0	146444.0
45	172712.0	147009.0
46	171744.0	147339.0
47	170990.0	147907.0
48	170762.0	148457.0
49	169717.0	149112.0
50	168981.0	149575.0
51	168572.0	150347.0
52	167832.0	150886.0
53	166966.0	151431.0
54	166491.0	152034.0
55	165600.0	152452.0
56	164944.0	153194.0
57	164430.0	153835.0
58	163301.0	154089.0
59	163084.0	154793.0
60	162266.0	155386.0
61	161603.0	155633.0
62	160749.0	156276.0
63	160468.0	157063.0
64	159834.0	157426.0
65	159033.0	158318.0
66	158531.0	158861.0
67	157727.0	159692.0
68	157086.0	160177.0
69	156467.0	160824.0
70	155842.0	161313.0
71	155345.0	162333.0
72	155051.0	162750.0
73	154065.0	163472.0
74	153506.0	164295.0
75	153024.0	165127.0
76	152442.0	165536.0
77	151846.0	166275.0
78	151282.0	167152.0
79	150594.0	167472.0
80	150069.0	168228.0
81	149555.0	169027.0
82	149336.0	169871.0
83	148365.0	170646.0
84	148429.0	171336.0
85	147504.0	171966.0
86	147018.0	172757.0
87	146806.0	173828.0
88	146094.0	174185.0
89	145583.0	175153.0
90	145170.0	175711.0
91	144557.0	176390.0
92	144263.0	177305.0
93	143914.0	178136.0
94	143164.0	178764.0
95	142851.0	179653.0
96	142567.0	180541.0
97	142139.0	181408.0
98	141690.0	182103.0
99	141316.0	183284.0
100	141217.0	183611.0
101	140785.0	184556.0
102	140616.0	185410.0
103	140063.0	186293.0
104	139466.0	187278.0
105	139279.0	188181.0
106	139044.0	188774.0
107	138605.0	189649.0
108	138616.0	190556.0
109	138225.0	191173.0
110	137885.0	191936.0
111	137891.0	192939.0
112	137341.0	193689.0
113	137106.0	194446.0
114	137120.0	195151.0
115	136825.0	196082.0
116	136677.0	196807.0
117	136533.0	197650.0
118	136518.0	197935.0
119	136310.0	198592.0
120	136206.0	199544.0
121	135956.0	199609.0
122	135802.0	200170.0
123	135518.0	200868.0
124	135496.0	201048.0
125	135362.0	200954.0
126	135311.0	201532.0
127	135171.0	201333.0
128	135128.0	201638.0
129	135004.0	201295.0
130	134864.0	201463.0
131	134857.0	201228.0
132	134729.0	201137.0
133	134700.0	200769.0
134	134742.0	200507.0
135	134516.0	200198.0
136	134453.0	199480.0
137	134468.0	198979.0
138	134505.0	198654.0
139	134307.0	197654.0
140	134300.0	197302.0
141	134623.0	196341.0
142	134341.0	195239.0
143	134055.0	194912.0
144	134273.0	193970.0
145	133997.0	193043.0
146	134041.0	192036.0
147	133953.0	191703.0
148	133857.0	190728.0
149	133788.0	189592.0
150	134169.0	188962.0
151	133774.0	187957.0
152	133766.0	186946.0
153	133748.0	186302.0
154	133411.0	185411.0
155	133391.0	184538.0
156	133609.0	183912.0
157	133606.0	182773.0
158	133440.0	182447.0
159	133570.0	181269.0
160	133262.0	180443.0
161	133375.0	179602.0
162	133612.0	178910.0
163	133271.0	178184.0
164	133139.0	177564.0
165	133213.0	176912.0
166	133243.0	176138.0
167	133019.0	175247.0
168	133223.0	174424.0
169	133106.0	173479.0
170	133123.0	173161.0
171	133178.0	171987.0
172	133058.0	171233.0
173	133020.0	170636.0
174	133066.0	169698.0
175	132847.0	169211.0
176	132913.0	168589.0
177	133015.0	167773.0
178	133037.0	167189.0
179	132821.0	166238.0
180	132866.0	165858.0
181	132730.0	164958.0
182	132741.0	164452.0
183	132924.0	164023.0
184	132837.0	162972.0
185	132631.0	162368.0
186	133186.0	161630.0
187	132593.0	161194.0
188	132835.0	160256.0
189	132775.0	159790.0
190	132724.0	159132.0
191	132716.0	158752.0
192	132943.0	158175.0
193	132841.0	157273.0
194	133120.0	156660.0
195	132897.0	156037.0
196	132916.0	155423.0
197	132828.0	154926.0
198	132912.0	154534.0
199	132799.0	153755.0
200	132799.0	153289.0
201	132913.0	152461.0
202	132670.0	152090.0
203	132823.0	151567.0
204	132669.0	150970.0
205	132861.0	150240.0
206	132638.0	150013.0
207	132827.0	149402.0
208	132917.0	148849.0
209	132656.0	148271.0
210	132867.0	147892.0
211	132779.0	147281.0
212	132707.0	146788.0
213	132648.0	146351.0
214	132634.0	145544.0
215	132458.0	145325.0
216	132669.0	144816.0
217	132582.0	144234.0
218	132502.0	144077.0
219	132540.0	143671.0
220	132430.0	142994.0
221	132567.0	142764.0
222	132616.0	142176.0
223	132286.0	141902.0
224	132340.0	141747.0
225	132308.0	141120.0
226	132272.0	140759.0
227	132143.0	140468.0
228	132475.0	140084.0
229	132323.0	139538.0
230	132189.0	139584.0
231	132285.0	139249.0
232	132257.0	138644.0
233	132166.0	138492.0
234	132310.0	138446.0
235	132378.0	137868.0
236	132060.0	137420.0
237	132188.0	137229.0
238	132236.0	136850.0
239	131971.0	136770.0
240	132100.0	136660.0
241	132104.0	136442.0
242	131702.0	136068.0
243	132168.0	135769.0
244	131813.0	135461.0
245	131706.0	135488.0
246	132021.0	135515.0
247	131663.0	135264.0
248	131645.0	135071.0
249	131681.0	134975.0
250	131964.0	134803.0
251	131622.0	134718.0
252	131786.0	134540.0
253	131661.0	134296.0
254	131759.0	134117.0
255	131590.0	134117.0
256	131368.0	133893.0
257	131524.0	133870.0
258	131551.0	133843.0
259	131355.0	133371.0
260	131435.0	133555.0
261	131388.0	133317.0
262	131465.0	133406.0
263	131249.0	133342.0
264	131034.0	133243.0
265	131095.0	133029.0
266	131007.0	133090.0
267	130989.0	132947.0
268	130773.0	132892.0
269	130909.0	132890.0
270	130954.0	132812.0
271	130855.0	132313.0
272	130618.0	132726.0
273	130841.0	132737.0
274	130703.0	132293.0
275	130642.0	132347.0
276	130495.0	132462.0
277	130558.0	132445.0
278	130292.0	132131.0
279	130338.0	132217.0
280	130201.0	131899.0
281	129975.0	132144.0
282	130195.0	132160.0
283	130167.0	131922.0
284	130074.0	132143.0
285	130015.0	131905.0
286	129833.0	131855.0
287	129749.0	131752.0
288	129768.0	131823.0
289	129804.0	131642.0
290	130113.0	131667.0
291	129706.0	131589.0
292	129751.0	131324.0
293	129490.0	131416.0
294	129534.0	131703.0
295	129735.0	131272.0
296	129351.0	131334.0
297	129532.0	131555.0
298	129438.0	131138.0
299	129331.0	131251.0
300	129464.0	131294.0
301	129307.0	131139.0
302	129241.0	131182.0
303	129418.0	131182.0
304	129132.0	130950.0
305	129130.0	131065.0
306	129493.0	131192.0
307	129051.0	130938.0
308	129272.0	130947.0
309	129235.0	130916.0
310	129157.0	130822.0
311	129202.0	131048.0
312	129072.0	130923.0
313	128977.0	131067.0
314	128958.0	131013.0
315	128879.0	131210.0
316	128860.0	130969.0
317	128858.0	130977.0
318	128647.0	130996.0
319	128496.0	130895.0
320	128711.0	130809.0
321	128753.0	130761.0
322	128336.0	130837.0
323	128808.0	130787.0
324	128722.0	130923.0
325	128824.0	130950.0
326	128706.0	130929.0
327	128626.0	131041.0
328	128755.0	131032.0
329	128410.0	131116.0
330	128635.0	130945.0
331	128328.0	130767.0
332	128407.0	131025.0
333	128694.0	131053.0
334	128606.0	130614.0
335	128423.0	130878.0
336	128479.0	130833.0
337	128556.0	130888.0
338	128206.0	130789.0
339	128320.0	130803.0
340	128350.0	130502.0
341	128279.0	130714.0
342	128276.0	130703.0
343	128232.0	130656.0
344	128414.0	130708.0
345	128385.0	130720.0
346	128230.0	130525.0
347	128147.0	130708.0
348	128332.0	130677.0
349	128076.0	130610.0
350	128049.0	130627.0
351	127984.0	130643.0
352	127964.0	130708.0
353	128127.0	130327.0
354	128177.0	130668.0
355	127905.0	130482.0
356	128004.0	130357.0
357	127839.0	130580.0
358	127924.0	130284.0
359	127823.0	130479.0
360	127827.0	130396.0
361	127835.0	130494.0
362	127799.0	130370.0
363	127817.0	130128.0
364	127589.0	130358.0
365	127761.0	130318.0
366	127736.0	130350.0
367	127249.0	130355.0
368	127324.0	130021.0
369	127725.0	130231.0
370	127282.0	130342.0
371	127274.0	130227.0
372	127531.0	130435.0
373	127353.0	130149.0
374	127066.0	130021.0
375	127337.0	130014.0
376	127141.0	129863.0
377	127337.0	129891.0
378	127124.0	129986.0
379	127202.0	129786.0
380	126883.0	129969.0
381	127095.0	129839.0
382	126999.0	129684.0
383	126826.0	129775.0
384	127180.0	129794.0
385	126837.0	129728.0
386	126909.0	129671.0
387	127170.0	129689.0
388	126977.0	129639.0
389	126935.0	129693.0
390	126912.0	129582.0
391	126623.0	129610.0
392	126844.0	129375.0
393	126937.0	129217.0
394	126805.0	129407.0
395	126869.0	129372.0
396	126734.0	129407.0
397	126794.0	129389.0
398	126770.0	129346.0
399	126609.0	128880.0
400	126752.0	128986.0
401	126554.0	128947.0
402	126685.0	129057.0
403	126646.0	128958.0
404	126737.0	128891.0
405	126533.0	128873.0
406	126284.0	128747.0
407	126611.0	128691.0
408	126660.0	128691.0
409	126650.0	128563.0
410	126435.0	128688.0
411	126516.0	128599.0
412	126448.0	128472.0
413	126366.0	128684.0
414	126558.0	128634.0
415	126419.0	128435.0
416	126298.0	128623.0
417	126591.0	128860.0
418	126464.0	128435.0
419	126635.0	128331.0
420	126377.0	128276.0
421	126461.0	128162.0
422	126310.0	128223.0
423	126531.0	128145.0
424	126435.0	128111.0
425	126369.0	128108.0
426	126280.0	128321.0
427	126485.0	128164.0
428	126106.0	128011.0
429	126221.0	128074.0
430	126159.0	128023.0
431	126118.0	128158.0
432	126206.0	128108.0
433	126228.0	127714.0
434	126261.0	127987.0
435	126221.0	127802.0
436	126286.0	127624.0
437	126306.0	127859.0
438	126140.0	127723.0
439	126264.0	127696.0
440	126031.0	127669.0
441	126374.0	127731.0
442	126217.0	127582.0
443	126280.0	127622.0
444	126239.0	127750.0
445	126381.0	127659.0
446	126022.0	127967.0
447	126064.0	127267.0
448	126095.0	127750.0
449	126011.0	127456.0
450	126008.0	127290.0
451	126222.0	127334.0
452	126238.0	127501.0
453	125961.0	127403.0
454	126123.0	127229.0
455	126158.0	127262.0
456	126022.0	127148.0
457	125846.0	127006.0
458	126061.0	127074.0
459	126172.0	127127.0
460	126098.0	127250.0
461	125743.0	127109.0
462	125977.0	127307.0
463	126047.0	127133.0
464	126068.0	127164.0
465	126105.0	127264.0
466	126000.0	127020.0
467	125638.0	127031.0
468	126089.0	126990.0
469	126044.0	126857.0
470	125704.0	126927.0
471	126276.0	126895.0
472	125754.0	126918.0
473	125909.0	126883.0
474	126097.0	126766.0
475	126150.0	126766.0
476	126082.0	126740.0
477	126117.0	126751.0
478	126120.0	126725.0
479	125790.0	126611.0
480	126091.0	126590.0
481	126008.0	126674.0
482	126053.0	126559.0
483	126152.0	126452.0
484	126008.0	126508.0
485	125961.0	126486.0
486	126120.0	126510.0
487	125946.0	126547.0
488	125971.0	126611.0
489	125986.0	126437.0
490	126044.0	126293.0
491	125869.0	126379.0
492	126027.0	126228.0
493	125835.0	126242.0
494	125998.0	125978.0
495	126104.0	126107.0
496	125852.0	125950.0
497	125630.0	126107.0
498	125980.0	126255.0
499	125808.0	125939.0
500	125859.0	126304.0
501	125808.0	126027.0
502	125851.0	125844.0
503	125597.0	125866.0
504	125746.0	125765.0
505	125572.0	125817.0
506	125405.0	125731.0
507	125505.0	125952.0
508	125486.0	125770.0
509	125436.0	125757.0
510	125576.0	125697.0
511	125508.0	125600.0
512	125629.0	125611.0
513	125833.0	125593.0
514	125509.0	125738.0
515	125471.0	125484.0
516	125558.0	125475.0
517	125460.0	125437.0
518	125645.0	125408.0
519	125437.0	125291.0
520	125436.0	125268.0
521	125340.0	125396.0
522	125512.0	125303.0
523	125406.0	125370.0
524	125486.0	125253.0
525	125349.0	125219.0
526	125333.0	124981.0
527	125440.0	125186.0
528	125370.0	125153.0
529	125225.0	124949.0
530	125206.0	125297.0
531	125347.0	125048.0
532	125025.0	125060.0
533	125209.0	125061.0
534	125418.0	125228.0
535	125280.0	124989.0
536	125338.0	124914.0
537	125316.0	124911.0
538	125311.0	124857.0
539	125285.0	124873.0
540	125277.0	125032.0
541	125226.0	124871.0
542	125192.0	124941.0
543	125225.0	124657.0
544	125186.0	124777.0
545	125151.0	124749.0
546	125352.0	124843.0
547	125055.0	124768.0
548	125116.0	124723.0
549	125105.0	124745.0
550	125096.0	124570.0
551	125155.0	124755.0
552	125045.0	124882.0
553	125120.0	124612.0
554	125175.0	124783.0
555	125010.0	124580.0
556	125020.0	124611.0
557	124982.0	124615.0
558	125366.0	124469.0
559	124984.0	124345.0
560	125164.0	124547.0
561	125139.0	124584.0
562	125152.0	124569.0
563	125178.0	124580.0
564	124977.0	124944.0
565	124883.0	124578.0
566	124686.0	124514.0
567	125134.0	124489.0
568	124854.0	124705.0
569	125110.0	124656.0
570	124798.0	124388.0
571	125031.0	124136.0
572	124905.0	124461.0
573	124643.0	124328.0
574	124817.0	124398.0
575	124831.0	124673.0
576	124798.0	124490.0
577	124926.0	124427.0
578	124796.0	124337.0
579	124812.0	124321.0
580	124950.0	124298.0
581	124767.0	124359.0
582	124970.0	124241.0
583	124898.0	124257.0
584	124893.0	124053.0
585	124977.0	124279.0
586	124760.0	124375.0
587	124931.0	124171.0
588	124750.0	124213.0
589	124801.0	124523.0
590	124849.0	124485.0
591	124879.0	124379.0
592	124699.0	124312.0
593	124809.0	124217.0
594	124953.0	124387.0
595	125007.0	124219.0
596	124907.0	124522.0
597	125121.0	124183.0
598	124843.0	124210.0
599	124904.0	124159.0
600	124945.0	124473.0
601	124905.0	124208.0
602	125103.0	124022.0
603	124983.0	124414.0
604	124943.0	124145.0
605	124873.0	124235.0
606	125156.0	124200.0
607	124940.0	124073.0
608	124999.0	124334.0
609	124995.0	124396.0
610	124760.0	124245.0
611	124756.0	124303.0
612	124717.0	124307.0
613	125037.0	124377.0
614	125007.0	124259.0
615	124950.0	124415.0
616	124944.0	124204.0
617	124827.0	124167.0
618	125314.0	124415.0
619	124886.0	124122.0
620	124933.0	124079.0
621	125031.0	124361.0
622	124944.0	124253.0
623	125035.0	124445.0
624	124987.0	124229.0
625	124966.0	124251.0
626	124982.0	124117.0
627	124942.0	124490.0
628	125002.0	124465.0
629	125211.0	124269.0
630	125359.0	124214.0
631	125076.0	124215.0
632	125118.0	124040.0
633	125278.0	124064.0
634	125103.0	124043.0
635	125229.0	124084.0
636	125409.0	124022.0
637	125052.0	123968.0
638	125151.0	123970.0
639	125221.0	123979.0
640	125241.0	124023.0
641	125102.0	124238.0
642	125136.0	124046.0
643	125321.0	124007.0
644	125114.0	123959.0
645	125179.0	123788.0
646	125263.0	123939.0
647	125234.0	123822.0
648	125108.0	123975.0
649	125204.0	123830.0
650	125218.0	123985.0
651	125313.0	123778.0
652	124924.0	123452.0
653	125483.0	123597.0
654	125062.0	123747.0
655	125247.0	123636.0
656	125233.0	123638.0
657	125175.0	123644.0
658	125278.0	123888.0
659	125378.0	123494.0
660	125333.0	123458.0
661	125261.0	123667.0
662	125308.0	123748.0
663	125361.0	123751.0
664	125290.0	123700.0
665	125261.0	123688.0
666	125426.0	123892.0
667	125159.0	123565.0
668	125242.0	123890.0
669	125359.0	123903.0
670	125073.0	123755.0
671	125383.0	123703.0
672	125262.0	123782.0
673	125094.0	123490.0
674	125008.0	123728.0
675	125051.0	123577.0
676	125038.0	123546.0
677	124873.0	123537.0
678	125033.0	123487.0
679	125122.0	123336.0
680	124814.0	123458.0
681	124845.0	123495.0
682	124947.0	123515.0
683	125097.0	123356.0
684	124996.0	123419.0
685	124824.0	123331.0
686	124673.0	123257.0
687	124866.0	123177.0
688	124782.0	123411.0
689	124556.0	123524.0
690	124798.0	123456.0
691	124734.0	123319.0
692	124449.0	123427.0
693	124382.0	123282.0
694	124716.0	123290.0
695	124550.0	123301.0
696	124574.0	123434.0
697	124453.0	123335.0
698	124485.0	123203.0
699	124648.0	123191.0
700	124447.0	123282.0
701	124301.0	123131.0
702	124376.0	123274.0
703	124459.0	123242.0
704	124444.0	123270.0
705	124532.0	123182.0
706	124403.0	123192.0
707	124305.0	122983.0
708	124392.0	123279.0
709	124166.0	123287.0
710	124312.0	123105.0
711	124362.0	123140.0
712	124497.0	123143.0
713	124503.0	123256.0
714	124419.0	123257.0
715	124228.0	123239.0
716	124266.0	123109.0
717	124358.0	123288.0
718	124394.0	123312.0
719	124436.0	123189.0
720	124164.0	123200.0
721	124183.0	123201.0
722	124346.0	123197.0
723	124354.0	123235.0
724	124175.0	123127.0
725	123974.0	123142.0
726	124034.0	123182.0
727	124041.0	123020.0
728	124205.0	123100.0
729	124028.0	123127.0
730	124118.0	122867.0
731	124077.0	123226.0
732	124031.0	123303.0
733	123983.0	122903.0
734	124017.0	123060.0
735	124149.0	123364.0
736	123674.0	123183.0
737	124050.0	122988.0
738	123918.0	123265.0
739	124027.0	123183.0
740	123816.0	123222.0
741	124069.0	123120.0
742	124024.0	122865.0
743	124072.0	123309.0
744	123905.0	123341.0
745	123903.0	123342.0
746	124071.0	123172.0
747	124165.0	123498.0
748	124058.0	123358.0
749	124049.0	123313.0
750	124159.0	123447.0
751	124149.0	123496.0
752	124090.0	123493.0
753	124192.0	123246.0
754	124061.0	123264.0
755	124185.0	123420.0
756	124120.0	123423.0
757	124192.0	123136.0
758	124143.0	123299.0
759	124137.0	123199.0
760	123974.0	123749.0
761	124121.0	123591.0
762	124267.0	123461.0
763	124122.0	123346.0
764	124254.0	123500.0
765	124258.0	123721.0
766	124131.0	123451.0
767	123980.0	123587.0
768	123990.0	123498.0
769	124079.0	123755.0
770	124174.0	123674.0
771	123968.0	123762.0
772	124162.0	123583.0
773	124048.0	123755.0
774	123966.0	123622.0
775	123792.0	123632.0
776	123882.0	123536.0
777	124095.0	123640.0
778	123889.0	123662.0
779	123799.0	123506.0
780	123940.0	123710.0
781	123884.0	123523.0
782	123780.0	123719.0
783	123912.0	123662.0
784	123963.0	123628.0
785	123965.0	123838.0
786	123915.0	123635.0
787	123989.0	123887.0
788	123982.0	123687.0
789	123858.0	123798.0
790	123784.0	123707.0
791	123564.0	123453.0
792	123699.0	123797.0
793	123731.0	123740.0
794	123675.0	123617.0
795	123982.0	123730.0
796	123648.0	123730.0
797	123778.0	123781.0
798	123870.0	123618.0
799	123745.0	123599.0
800	123757.0	123831.0
801	123796.0	123409.0
802	123912.0	123732.0
803	123750.0	123541.0
804	123939.0	123516.0
805	123915.0	123875.0
806	123970.0	123341.0
807	123758.0	123468.0
808	123889.0	123541.0
809	123676.0	123256.0
810	123882.0	123507.0
811	123932.0	123132.0
812	123932.0	123311.0
813	123808.0	123412.0
814	123780.0	123316.0
815	123874.0	123270.0
816	123907.0	123353.0
817	123955.0	123066.0
818	123844.0	123240.0
819	123739.0	123144.0
820	123865.0	123049.0
821	124021.0	123284.0
822	123963.0	123088.0
823	124043.0	123115.0
824	123932.0	123235.0
825	123991.0	123028.0
826	123783.0	122974.0
827	124076.0	122960.0
828	124099.0	123059.0
829	123907.0	123012.0
830	123964.0	123083.0
831	124224.0	123000.0
832	123744.0	122906.0
833	124175.0	122948.0
834	124059.0	123177.0
835	123971.0	122865.0
836	124073.0	123150.0
837	123930.0	122796.0
838	124050.0	122902.0
839	124098.0	122958.0
840	123995.0	122769.0
841	123923.0	122698.0
842	123948.0	122863.0
843	123951.0	122975.0
844	124186.0	123055.0
845	123783.0	122647.0
846	124002.0	122947.0
847	123904.0	122832.0
848	124007.0	122710.0
849	124176.0	122736.0
850	123845.0	122600.0
851	123875.0	123009.0
852	123971.0	122479.0
853	124069.0	122690.0
854	123977.0	122749.0
855	124019.0	122527.0
856	123792.0	122610.0
857	123984.0	122653.0
858	123961.0	122463.0
859	123969.0	122897.0
860	124110.0	122590.0
861	123875.0	122702.0
862	123894.0	122564.0
863	123876.0	122731.0
864	123938.0	122385.0
865	123920.0	122580.0
866	123831.0	122395.0
867	123938.0	122629.0
868	123827.0	122490.0
869	123852.0	122468.0
870	123844.0	122480.0
871	123871.0	122512.0
872	123667.0	122393.0
873	123662.0	122599.0
874	123437.0	122603.0
875	123774.0	122329.0
876	123709.0	122637.0
877	123617.0	122379.0
878	123718.0	122314.0
879	123719.0	122288.0
880	123925.0	122225.0
881	123476.0	122497.0
882	123441.0	122290.0
883	123235.0	122410.0
884	123343.0	122465.0
885	123482.0	122385.0
886	123440.0	122461.0
887	123396.0	122403.0
888	123650.0	122461.0
889	123578.0	122360.0
890	123635.0	122456.0
891	123400.0	122236.0
892	123329.0	122298.0
893	123379.0	122397.0
894	123247.0	122386.0
895	123238.0	122408.0
896	123362.0	122492.0
897	123465.0	122212.0
898	123141.0	122157.0
899	123293.0	122514.0
900	123043.0	122474.0
901	122988.0	122362.0
902	123176.0	122555.0
903	123132.0	122416.0
904	123007.0	122326.0
905	123070.0	122425.0
906	123037.0	122262.0
907	123018.0	122376.0
908	123236.0	122338.0
909	122905.0	122320.0
910	122683.0	122244.0
911	123333.0	122492.0
912	122930.0	122448.0
913	123039.0	122318.0
914	123046.0	122445.0
915	122742.0	122198.0
916	122901.0	122361.0
917	123009.0	122431.0
918	123074.0	122071.0
919	122875.0	122108.0
920	122765.0	122386.0
921	122950.0	122188.0
922	122914.0	122127.0
923	122949.0	122166.0
924	122950.0	122045.0
925	122700.0	122291.0
926	122953.0	122312.0
927	122932.0	122413.0
928	123104.0	122350.0
929	122998.0	122190.0
930	122993.0	122076.0
931	122980.0	122224.0
932	122997.0	122323.0
933	123065.0	122378.0
934	122768.0	122349.0
935	122914.0	122120.0
936	122982.0	122400.0
937	122947.0	122343.0
938	122793.0	122399.0
939	123146.0	122399.0
940	122804.0	122473.0
941	123061.0	122327.0
942	122960.0	122181.0
943	122929.0	122268.0
944	122927.0	122242.0
945	123144.0	122386.0
946	122762.0	122311.0
947	123040.0	122443.0
948	122833.0	122520.0
949	122980.0	122322.0
950	122908.0	122276.0
951	122873.0	122383.0
952	122630.0	122311.0
953	122847.0	122555.0
954	122993.0	122450.0
955	123064.0	122435.0
956	122847.0	122405.0
957	122850.0	122497.0
958	123044.0	122469.0
959	123021.0	122606.0
960	123002.0	122606.0
961	122923.0	122353.0
962	122848.0	122481.0
963	123142.0	122424.0
964	122814.0	122511.0
965	123247.0	122615.0
966	122768.0	122496.0
967	122829.0	122566.0
968	122642.0	122428.0
969	123005.0	122235.0
970	122985.0	122596.0
971	122725.0	122415.0
972	122813.0	122235.0
973	122836.0	122411.0
974	123013.0	122353.0
975	122729.0	122148.0
976	122851.0	122129.0
977	122968.0	122258.0
978	122933.0	122187.0
979	122905.0	122333.0
980	122798.0	122317.0
981	122625.0	122289.0
982	122773.0	122418.0
983	122809.0	122277.0
984	122856.0	122161.0
985	122792.0	122342.0
986	122886.0	122374.0
987	122627.0	122288.0
988	122720.0	122291.0
989	122950.0	122341.0
990	122690.0	122179.0
991	122835.0	122232.0
992	122800.0	122262.0
993	122774.0	122114.0
994	122750.0	122331.0
995	122803.0	122199.0
996	123016.0	121980.0
997	122807.0	122089.0
998	123039.0	122172.0
999	122822.0	122157.0
1000	122940.0	122007.0
1001	122833.0	122205.0
1002	122898.0	122270.0
1003	122713.0	121969.0
1004	122909.0	122036.0
1005	122966.0	122115.0
1006	122601.0	122127.0
1007	122653.0	121901.0
1008	122757.0	122229.0
1009	122830.0	121761.0
1010	122895.0	121906.0
1011	122929.0	121883.0
1012	123058.0	121898.0
1013	123182.0	121906.0
1014	123112.0	121627.0
1015	123056.0	122088.0
1016	123057.0	121921.0
1017	122881.0	121825.0
1018	123128.0	121445.0
1019	122984.0	121697.0
1020	123113.0	121567.0
1021	123148.0	121611.0
1022	122985.0	121693.0
1023	122952.0	121687.0
1024	123077.0	121769.0
1025	122950.0	121616.0
1026	122880.0	121535.0
1027	123066.0	121766.0
1028	122665.0	121530.0
1029	122909.0	121766.0
1030	123070.0	121503.0
1031	123238.0	121490.0
1032	123129.0	121689.0
1033	123369.0	121476.0
1034	123131.0	121399.0
1035	122902.0	121385.0
1036	123050.0	121291.0
1037	123182.0	121440.0
1038	123091.0	121380.0
1039	123006.0	121477.0
1040	123115.0	121455.0
1041	123003.0	121419.0
1042	122845.0	121355.0
1043	123281.0	121521.0
1044	123261.0	121353.0
1045	123469.0	121359.0
1046	123103.0	121429.0
1047	123214.0	121319.0
1048	123084.0	121547.0
1049	123120.0	121166.0
1050	123420.0	121361.0
1051	123080.0	121215.0
1052	122996.0	121367.0
1053	123324.0	121290.0
1054	123155.0	121406.0
1055	123164.0	121631.0
1056	123138.0	121162.0
1057	123174.0	121344.0
1058	123242.0	121347.0
1059	123095.0	121309.0
1060	123101.0	121549.0
1061	123045.0	121263.0
1062	122957.0	120984.0
1063	123069.0	121212.0
1064	123101.0	121458.0
1065	122983.0	121446.0
1066	123070.0	121294.0
1067	123209.0	121461.0
1068	123066.0	121240.0
1069	123035.0	121066.0
1070	123079.0	121508.0
1071	122954.0	121350.0
1072	122997.0	121158.0
1073	122688.0	121048.0
1074	122905.0	121276.0
1075	122977.0	121422.0
1076	122945.0	121336.0
1077	122896.0	121250.0
1078	122709.0	121228.0
1079	122815.0	121210.0
1080	122830.0	121229.0
1081	122725.0	121264.0
1082	122774.0	121178.0
1083	122854.0	121193.0
1084	122662.0	121032.0
1085	122951.0	121051.0
1086	122778.0	121219.0
1087	122817.0	121445.0
1088	122688.0	121229.0
1089	122561.0	121248.0
1090	122406.0	121071.0
1091	122598.0	121268.0
1092	122535.0	121095.0
1093	122490.0	121316.0
1094	122345.0	121227.0
1095	122529.0	121162.0
1096	122570.0	121166.0
1097	122406.0	121096.0
1098	122389.0	121112.0
1099	122581.0	121233.0
1100	122312.0	121229.0
1101	122555.0	120860.0
1102	122334.0	121188.0
1103	122312.0	121072.0
1104	122260.0	121157.0
1105	122231.0	121148.0
1106	122462.0	121174.0
1107	122273.0	121126.0
1108	122197.0	121253.0
1109	122076.0	121222.0
1110	122326.0	121173.0
1111	122249.0	121124.0
1112	122196.0	121213.0
1113	122331.0	121172.0
1114	122312.0	121328.0
1115	122191.0	121113.0
1116	122081.0	121353.0
1117	122198.0	121124.0
1118	122030.0	121358.0
1119	122274.0	121335.0
1120	122130.0	121293.0
1121	121927.0	121345.0
1122	121949.0	121222.0
1123	121943.0	121219.0
1124	122029.0	121249.0
1125	121974.0	121332.0
1126	122235.0	121528.0
1127	122125.0	121497.0
1128	122256.0	121152.0
1129	122067.0	121117.0
1130	122244.0	121136.0
1131	122093.0	121509.0
1132	122269.0	121306.0
1133	121976.0	121390.0
1134	121932.0	121550.0
1135	122198.0	121282.0
1136	122160.0	121299.0
1137	122119.0	121168.0
1138	121996.0	121156.0
1139	122062.0	121419.0
1140	121946.0	121251.0
1141	121924.0	121406.0
1142	122055.0	121382.0
1143	121926.0	121488.0
1144	121750.0	121369.0
1145	121943.0	121226.0
1146	122086.0	121517.0
1147	121759.0	121414.0
1148	122046.0	121359.0
1149	121893.0	121454.0
1150	122071.0	121569.0
1151	121937.0	121353.0
1152	122252.0	121441.0
1153	122105.0	121530.0
1154	122125.0	121572.0
1155	121894.0	121316.0
1156	122143.0	121631.0
1157	122089.0	121434.0
1158	122077.0	121556.0
1159	122025.0	121457.0
1160	122006.0	121532.0
1161	122101.0	121724.0
1162	122127.0	121685.0
1163	121926.0	121472.0
1164	122098.0	121473.0
1165	122078.0	121795.0
1166	122197.0	121552.0
1167	122159.0	121710.0
1168	122143.0	121584.0
1169	122186.0	121477.0
1170	122119.0	121469.0
1171	121880.0	121707.0
1172	122170.0	121608.0
1173	121987.0	121689.0
1174	121974.0	121347.0
1175	122128.0	121554.0
1176	122068.0	121471.0
1177	122181.0	121773.0
1178	121804.0	121679.0
1179	121942.0	121474.0
1180	122208.0	121558.0
1181	122302.0	121660.0
1182	122066.0	121324.0
1183	122245.0	121559.0
1184	122170.0	121549.0
1185	122134.0	121584.0
1186	122072.0	121650.0
1187	122118.0	121613.0
1188	122306.0	121344.0
1189	122111.0	121395.0
1190	122236.0	121467.0
1191	122042.0	121364.0
1192	122151.0	121482.0
1193	122428.0	121381.0
1194	122147.0	121442.0
1195	121980.0	121446.0
1196	122395.0	121373.0
1197	122313.0	121474.0
1198	122220.0	121458.0
1199	122366.0	121675.0
1200	121995.0	121416.0
1201	122315.0	121702.0
1202	122378.0	121376.0
1203	122283.0	121345.0
1204	122029.0	121493.0
1205	122390.0	121477.0
1206	122066.0	121466.0
1207	122378.0	121459.0
1208	122348.0	121312.0
1209	122360.0	121433.0
1210	122419.0	121449.0
1211	122291.0	121361.0
1212	122413.0	121244.0
1213	122359.0	121272.0
1214	122240.0	121377.0
1215	122435.0	121433.0
1216	122022.0	121622.0
1217	122535.0	121339.0
1218	122386.0	121340.0
1219	122626.0	121410.0
1220	122496.0	121187.0
1221	122414.0	121188.0
1222	122397.0	121066.0
1223	122467.0	121336.0
1224	122465.0	121139.0
1225	122685.0	121313.0
1226	122358.0	120982.0
1227	122740.0	121195.0
1228	122671.0	121213.0
1229	122305.0	121046.0
1230	122454.0	121052.0
1231	122555.0	121063.0
1232	122487.0	121215.0
1233	122525.0	121189.0
1234	122542.0	120815.0
1235	122395.0	121043.0
1236	122366.0	121170.0
1237	122561.0	121004.0
1238	122725.0	120886.0
1239	122598.0	120805.0
1240	122513.0	120883.0
1241	122708.0	121061.0
1242	122866.0	120785.0
1243	122522.0	120892.0
1244	122604.0	120879.0
1245	122754.0	120787.0
1246	122702.0	120893.0
1247	122599.0	120569.0
1248	122782.0	120563.0
1249	122539.0	120552.0
1250	122498.0	120778.0
1251	122686.0	120669.0
1252	122776.0	120727.0
1253	122886.0	120659.0
1254	122623.0	120792.0
1255	122615.0	120632.0
1256	122555.0	120773.0
1257	122508.0	120402.0
1258	122457.0	120794.0
1259	122501.0	120608.0
1260	122969.0	120638.0
1261	122534.0	120427.0
1262	122626.0	120427.0
1263	122719.0	120561.0
1264	122379.0	120825.0
1265	122301.0	120527.0
1266	122594.0	120557.0
1267	122536.0	120704.0
1268	122587.0	120805.0
1269	122374.0	120332.0
1270	122332.0	120385.0
1271	122506.0	120515.0
1272	122291.0	120433.0
1273	122261.0	120550.0
1274	122351.0	120374.0
1275	122223.0	120567.0
1276	122140.0	120594.0
1277	122193.0	120585.0
1278	122214.0	120539.0
1279	122125.0	120710.0
1280	122217.0	120505.0
1281	122196.0	120726.0
1282	122022.0	120719.0
1283	122103.0	120682.0
1284	121951.0	120601.0
1285	122122.0	120686.0
1286	122042.0	120744.0
1287	122171.0	120408.0
1288	122191.0	120567.0
1289	122080.0	120602.0
1290	122137.0	120582.0
1291	122234.0	120658.0
1292	122084.0	120767.0
1293	122190.0	120540.0
1294	122017.0	120437.0
1295	122139.0	120774.0
1296	122320.0	120652.0
1297	122069.0	120626.0
1298	122117.0	120859.0
1299	122011.0	120750.0
1300	121928.0	120615.0
1301	122096.0	120593.0
1302	121883.0	120631.0
1303	122057.0	120507.0
1304	121930.0	120585.0
1305	122037.0	120616.0
1306	121838.0	120663.0
1307	122082.0	120692.0
1308	122061.0	120562.0
1309	122124.0	120592.0
1310	121983.0	120831.0
1311	121989.0	120842.0
1312	121738.0	121047.0
1313	121951.0	121083.0
1314	121963.0	120918.0
1315	121936.0	121123.0
1316	121898.0	120895.0
1317	121946.0	120806.0
1318	121993.0	120848.0
1319	121973.0	121183.0
1320	121999.0	120970.0
1321	121743.0	120912.0
1322	121840.0	120869.0
1323	122031.0	120855.0
1324	121770.0	120693.0
1325	121874.0	121022.0
1326	121741.0	120950.0
1327	121742.0	120841.0
1328	121932.0	120943.0
1329	121764.0	121003.0
1330	121801.0	121136.0
1331	121578.0	121062.0
1332	121861.0	120942.0
1333	121730.0	120968.0
1334	121573.0	121082.0
1335	121892.0	120894.0
1336	121820.0	121136.0
1337	121725.0	120794.0
1338	121725.0	121142.0
1339	121873.0	120847.0
1340	121707.0	121213.0
1341	121788.0	121012.0
1342	121706.0	121142.0
1343	121798.0	120897.0
1344	121947.0	121201.0
1345	121665.0	121092.0
1346	121765.0	121145.0
1347	121750.0	120914.0
1348	121840.0	121045.0
1349	121724.0	121108.0
1350	121688.0	121296.0
1351	121812.0	120956.0
1352	121760.0	121165.0
1353	121757.0	121027.0
1354	121625.0	121091.0
1355	121770.0	121044.0
1356	121929.0	121168.0
1357	121778.0	121178.0
1358	121737.0	121186.0
1359	121634.0	121482.0
1360	121817.0	121167.0
1361	121820.0	121128.0
1362	121976.0	121157.0
1363	122001.0	121143.0
1364	121935.0	121383.0
1365	121921.0	121225.0
1366	121852.0	121219.0
1367	122009.0	121418.0
1368	121962.0	121196.0
1369	121715.0	121282.0
1370	121895.0	121270.0
1371	121850.0	121471.0
1372	121832.0	121223.0
1373	122057.0	121216.0
1374	121984.0	121270.0
1375	122135.0	121441.0
1376	121917.0	121228.0
1377	122168.0	121411.0
1378	121925.0	121319.0
1379	121950.0	121318.0
1380	122203.0	121395.0
1381	122013.0	121069.0
1382	122144.0	121241.0
1383	122022.0	121313.0
1384	122236.0	121255.0
1385	122314.0	121452.0
1386	122351.0	121225.0
1387	122167.0	121272.0
1388	122222.0	121293.0
1389	122221.0	121277.0
1390	122350.0	121459.0
1391	122143.0	121192.0
1392	122632.0	121189.0
1393	122372.0	120998.0
1394	122513.0	120986.0
1395	122350.0	121052.0
1396	122305.0	120959.0
1397	122438.0	121247.0
1398	122445.0	120917.0
1399	122331.0	120930.0
1400	122521.0	120880.0
1401	122567.0	121309.0
1402	122362.0	120931.0
1403	122577.0	121043.0
1404	122335.0	120818.0
1405	122544.0	120921.0
1406	122345.0	120923.0
1407	122539.0	120752.0
1408	122475.0	120726.0
1409	122546.0	120727.0
1410	122569.0	120889.0
1411	122375.0	120622.0
1412	122601.0	120682.0
1413	122439.0	120590.0
1414	122553.0	120763.0
1415	122506.0	120838.0
1416	122563.0	120631.0
1417	122625.0	120573.0
1418	122354.0	120660.0
1419	122486.0	120820.0
1420	122435.0	120622.0
1421	122664.0	120691.0
1422	122562.0	120634.0
1423	122606.0	120880.0
1424	122505.0	120668.0
1425	122517.0	120495.0
1426	122589.0	120493.0
1427	122487.0	120533.0
1428	122593.0	120340.0
1429	122563.0	120559.0
1430	122526.0	120799.0
1431	122523.0	120685.0
1432	122669.0	120716.0
1433	122562.0	120766.0
1434	122670.0	120528.0
1435	122732.0	120614.0
1436	122690.0	120711.0
1437	122954.0	120503.0
1438	122703.0	120555.0
1439	122905.0	120607.0
1440	122694.0	120197.0
1441	122858.0	120430.0
1442	122831.0	120200.0
1443	122893.0	120503.0
1444	122725.0	120416.0
1445	122695.0	120496.0
1446	122763.0	120219.0
1447	122792.0	120308.0
1448	122850.0	120416.0
1449	122885.0	120174.0
1450	122777.0	120478.0
1451	123071.0	120342.0
1452	123011.0	120366.0
1453	122947.0	120198.0
1454	123064.0	120228.0
1455	123267.0	120366.0
1456	123008.0	120232.0
1457	123159.0	120159.0
1458	123255.0	120114.0
1459	123029.0	120092.0
1460	123082.0	120256.0
1461	122995.0	120449.0
1462	123113.0	120123.0
1463	123120.0	120384.0
1464	123106.0	120300.0
1465	123264.0	120346.0
1466	123310.0	120337.0
1467	122963.0	120200.0
1468	123035.0	120296.0
1469	123182.0	120063.0
1470	123130.0	120340.0
1471	123345.0	120222.0
1472	123270.0	120137.0
1473	123334.0	120367.0
1474	123305.0	120336.0
1475	123369.0	120152.0
1476	123289.0	120361.0
1477	123408.0	120173.0
1478	123137.0	120345.0
1479	123192.0	120177.0
1480	123395.0	120269.0
1481	123098.0	120363.0
1482	123304.0	120056.0
1483	123202.0	120165.0
1484	123600.0	120257.0
1485	123396.0	120407.0
1486	123082.0	120202.0
1487	123256.0	120303.0
1488	123360.0	120034.0
1489	123188.0	120063.0
1490	123359.0	120252.0
1491	123362.0	120277.0
1492	123332.0	120032.0
1493	123273.0	120006.0
1494	123305.0	120220.0
1495	123268.0	120130.0
1496	123267.0	120200.0
1497	123182.0	120151.0
1498	123082.0	120033.0
1499	123193.0	120316.0
1500	123029.0	120207.0
1501	123065.0	120379.0
1502	122921.0	120294.0
1503	122988.0	120419.0
1504	123015.0	120319.0
1505	123171.0	120483.0
1506	123149.0	120339.0
1507	123183.0	120416.0
1508	122996.0	120626.0
1509	122975.0	120517.0
1510	122987.0	120380.0
1511	123040.0	120477.0
1512	123185.0	120185.0
1513	123009.0	120394.0
1514	123101.0	120259.0
1515	123146.0	120576.0
1516	122905.0	120627.0
1517	123021.0	120276.0
1518	123173.0	120378.0
1519	123064.0	120518.0
1520	123071.0	120725.0
1521	122903.0	120398.0
1522	122992.0	120343.0
1523	123096.0	120655.0
1524	122872.0	120624.0
1525	123054.0	120764.0
1526	122836.0	120657.0
1527	122876.0	120833.0
1528	122988.0	120757.0
1529	122580.0	120870.0
1530	122906.0	120724.0
1531	123001.0	120640.0
1532	122799.0	120789.0
1533	122770.0	120827.0
1534	122766.0	120942.0
1535	122868.0	120590.0
1536	122651.0	120729.0
1537	122785.0	120660.0
1538	122740.0	120490.0
1539	122719.0	120772.0
1540	122549.0	120698.0
1541	122686.0	120718.0
1542	122370.0	120836.0
1543	122297.0	120798.0
1544	122154.0	120620.0
1545	122227.0	120926.0
1546	122307.0	121056.0
1547	122361.0	120856.0
1548	122190.0	121022.0
1549	122455.0	120885.0
1550	122109.0	120900.0
1551	122095.0	120995.0
1552	122066.0	120947.0
1553	121870.0	120958.0
1554	122076.0	121025.0
1555	122080.0	121108.0
1556	122052.0	120833.0
1557	121848.0	121039.0
1558	121913.0	120836.0
1559	122136.0	121242.0
1560	121834.0	121260.0
1561	121680.0	121067.0
1562	121822.0	121293.0
1563	121718.0	121183.0
1564	121558.0	121339.0
1565	121567.0	121032.0
1566	121897.0	121204.0
1567	121824.0	121157.0
1568	121666.0	121313.0
1569	121601.0	121336.0
1570	121645.0	121165.0
1571	121555.0	121336.0
1572	121684.0	121387.0
1573	121691.0	121504.0
1574	121722.0	121283.0
1575	121503.0	121334.0
1576	121617.0	121599.0
1577	121494.0	121333.0
1578	121499.0	121271.0
1579	121624.0	121540.0
1580	121496.0	121431.0
1581	121733.0	121357.0
1582	121482.0	121350.0
1583	121776.0	121618.0
1584	121455.0	121473.0
1585	121693.0	121445.0
1586	121508.0	121526.0
1587	121619.0	121348.0
1588	121467.0	121371.0
1589	121701.0	121724.0
1590	121579.0	121716.0
1591	121725.0	121735.0
1592	121523.0	121760.0
1593	121586.0	121633.0
1594	121520.0	121541.0
1595	121327.0	121616.0
1596	121587.0	121654.0
1597	121543.0	121687.0
1598	121605.0	121558.0
1599	121538.0	121789.0
1600	121460.0	121665.0
1601	121297.0	121837.0
1602	121515.0	121697.0
1603	121676.0	121711.0
1604	121426.0	121693.0
1605	121434.0	121610.0
1606	121440.0	121593.0
1607	121718.0	121518.0
1608	121409.0	121488.0
1609	121552.0	121401.0
1610	121617.0	121758.0
1611	121537.0	121635.0
1612	121317.0	121752.0
1613	121461.0	121580.0
1614	121496.0	121601.0
1615	121515.0	121748.0
1616	121531.0	121668.0
1617	121490.0	121858.0
1618	121304.0	121671.0
1619	121356.0	121782.0
1620	121379.0	121688.0
1621	121341.0	121674.0
1622	121515.0	121566.0
1623	121406.0	121514.0
1624	121486.0	121541.0
1625	121434.0	121480.0
1626	121571.0	121673.0
1627	121574.0	121613.0
1628	121508.0	121339.0
1629	121610.0	121718.0
1630	121380.0	121621.0
1631	121420.0	121694.0
1632	121510.0	121463.0
1633	121483.0	121503.0
1634	121439.0	121519.0
1635	121511.0	121466.0
1636	121429.0	121407.0
1637	121212.0	121825.0
1638	121644.0	121596.0
1639	121563.0	121423.0
1640	121279.0	121602.0
1641	121538.0	121646.0
1642	121492.0	121647.0
1643	121263.0	121599.0
1644	121415.0	121707.0
1645	121382.0	121405.0
1646	121427.0	121570.0
1647	121334.0	121646.0
1648	121594.0	121581.0
1649	121499.0	121567.0
1650	121574.0	121519.0
1651	121476.0	121455.0
1652	121492.0	121344.0
1653	121459.0	121340.0
1654	121249.0	121396.0
1655	121567.0	121392.0
1656	121408.0	121408.0
1657	121324.0	121421.0
1658	121500.0	121267.0
1659	121295.0	121256.0
1660	121426.0	121320.0
1661	121265.0	121388.0
1662	121368.0	121074.0
1663	121241.0	121478.0
1664	121511.0	121082.0
1665	121307.0	121200.0
1666	121425.0	121028.0
1667	121336.0	121157.0
1668	121509.0	121029.0
1669	121288.0	120999.0
1670	121490.0	121135.0
1671	121482.0	121011.0
1672	121304.0	120990.0
1673	121110.0	121007.0
1674	121537.0	120795.0
1675	121451.0	120802.0
1676	121559.0	120956.0
1677	121500.0	121165.0
1678	121331.0	120960.0
1679	121594.0	120809.0
1680	121379.0	120912.0
1681	121321.0	120740.0
1682	121536.0	120702.0
1683	121444.0	120899.0
1684	121180.0	120831.0
1685	121358.0	120688.0
1686	121523.0	120931.0
1687	121530.0	120932.0
1688	121358.0	120804.0
1689	121375.0	120702.0
1690	121433.0	120589.0
1691	121418.0	120567.0
1692	121380.0	120588.0
1693	121355.0	120622.0
1694	121418.0	120807.0
1695	121184.0	120647.0
1696	121235.0	120692.0
1697	121310.0	120738.0
1698	121086.0	120666.0
1699	121214.0	120332.0
1700	121208.0	120607.0
1701	121309.0	120576.0
1702	121351.0	120594.0
1703	121621.0	120444.0
1704	121689.0	120609.0
1705	121542.0	120346.0
1706	121512.0	120361.0
1707	121443.0	120347.0
1708	121475.0	120419.0
1709	121357.0	120502.0
1710	121448.0	120328.0
1711	121615.0	120604.0
1712	121414.0	120391.0
1713	121381.0	120346.0
1714	121347.0	120456.0
1715	121382.0	120408.0
1716	121384.0	120585.0
1717	121199.0	120548.0
1718	121594.0	120500.0
1719	121412.0	120582.0
1720	121373.0	120422.0
1721	121451.0	120432.0
1722	121276.0	120604.0
1723	121406.0	120463.0
1724	121506.0	120347.0
1725	121525.0	120374.0
1726	121368.0	120491.0
1727	121550.0	120438.0
1728	121600.0	120275.0
1729	121414.0	120424.0
1730	121371.0	120445.0
1731	121158.0	120394.0
1732	121597.0	120535.0
1733	121339.0	120445.0
1734	121208.0	120422.0
1735	121300.0	120480.0
1736	121267.0	120367.0
1737	121288.0	120376.0
1738	121205.0	120456.0
1739	121298.0	120355.0
1740	121140.0	120389.0
1741	121376.0	120322.0
1742	121213.0	120268.0
1743	121355.0	120373.0
1744	121212.0	120247.0
1745	121215.0	120214.0
1746	121202.0	120306.0
1747	121188.0	120402.0
1748	121273.0	120131.0
1749	121200.0	120087.0
1750	121210.0	120259.0
1751	121430.0	120198.0
1752	121131.0	120314.0
1753	121120.0	120335.0
1754	121206.0	120164.0
1755	121052.0	120074.0
1756	120925.0	120269.0
1757	121037.0	120066.0
1758	121076.0	120064.0
1759	120726.0	120132.0
1760	121113.0	120300.0
1761	120867.0	120307.0
1762	120934.0	119967.0
1763	121125.0	119957.0
1764	120871.0	120052.0
1765	120942.0	120055.0
1766	121023.0	119888.0
1767	120925.0	120126.0
1768	120789.0	120158.0
1769	120717.0	120226.0
1770	120768.0	120292.0
1771	120832.0	119978.0
1772	120682.0	120235.0
1773	120540.0	120031.0
1774	120453.0	119797.0
1775	120640.0	120113.0
1776	120600.0	119893.0
1777	120665.0	120332.0
1778	120460.0	120137.0
1779	120419.0	120093.0
1780	120589.0	120086.0
1781	120498.0	120305.0
1782	120634.0	119894.0
1783	120394.0	119995.0
1784	120465.0	120050.0
1785	120424.0	120136.0
1786	120439.0	120020.0
1787	120409.0	120147.0
1788	120470.0	119929.0
1789	120321.0	120171.0
1790	120069.0	120078.0
1791	120280.0	120311.0
1792	120257.0	120181.0
1793	120076.0	120079.0
1794	120503.0	120126.0
1795	120252.0	120179.0
1796	120100.0	120081.0
1797	120067.0	119987.0
1798	120115.0	119939.0
1799	120006.0	120264.0
1800	120183.0	119876.0
1801	119771.0	119884.0
1802	119965.0	120006.0
1803	119925.0	119959.0
1804	119990.0	119885.0
1805	119716.0	120203.0
1806	120169.0	119810.0
1807	119926.0	119880.0
1808	120108.0	120183.0
1809	120270.0	120218.0
1810	120029.0	120072.0
1811	119930.0	120056.0
1812	119912.0	120028.0
1813	119731.0	120094.0
1814	119840.0	120096.0
1815	119987.0	119948.0
1816	119767.0	120030.0
1817	119893.0	119961.0
1818	119894.0	120184.0
1819	119975.0	119853.0
1820	119936.0	119998.0
1821	119674.0	119853.0
1822	119919.0	119942.0
1823	119987.0	119937.0
1824	119865.0	119987.0
1825	119765.0	120012.0
1826	119674.0	120126.0
1827	119716.0	119871.0
1828	119650.0	119961.0
1829	119588.0	119880.0
1830	119561.0	119911.0
1831	119736.0	119851.0
1832	119516.0	119998.0
1833	119670.0	120030.0
1834	119653.0	119950.0
1835	119553.0	120015.0
1836	119888.0	119961.0
1837	119671.0	120156.0
1838	119687.0	119965.0
1839	119539.0	120187.0
1840	119692.0	119987.0
1841	119457.0	119826.0
1842	119464.0	119948.0
1843	119465.0	120170.0
1844	119435.0	120267.0
1845	119540.0	120095.0
1846	119548.0	119896.0
1847	119609.0	119792.0
1848	119657.0	120074.0
1849	119670.0	119851.0
1850	119557.0	120145.0
1851	119708.0	120029.0
1852	119584.0	120079.0
1853	119563.0	120083.0
1854	119473.0	119937.0
1855	119425.0	120201.0
1856	119377.0	119844.0
1857	119751.0	119704.0
1858	119462.0	119751.0
1859	119568.0	120093.0
1860	119483.0	119767.0
1861	119719.0	119978.0
1862	119607.0	119771.0
1863	119719.0	119661.0
1864	119575.0	120036.0
1865	119616.0	119607.0
1866	119619.0	119734.0
1867	119543.0	119669.0
1868	119713.0	119801.0
1869	119651.0	119683.0
1870	119501.0	119658.0
1871	119638.0	119697.0
1872	119506.0	119769.0
1873	119782.0	119869.0
1874	119528.0	119633.0
1875	119711.0	119773.0
1876	119693.0	119775.0
1877	119674.0	119573.0
1878	119534.0	119564.0
1879	119665.0	119536.0
1880	119596.0	119672.0
1881	119649.0	119521.0
1882	119741.0	119571.0
1883	119551.0	119600.0
1884	119607.0	119399.0
1885	119486.0	119277.0
1886	119538.0	119391.0
1887	119469.0	119224.0
1888	119392.0	119443.0
1889	119558.0	119445.0
1890	119616.0	119447.0
1891	119646.0	119378.0
1892	119494.0	119444.0
1893	119713.0	119075.0
1894	119568.0	119368.0
1895	119525.0	119097.0
1896	119892.0	119043.0
1897	119674.0	119068.0
1898	119482.0	118973.0
1899	119623.0	118962.0
1900	119510.0	119186.0
1901	119447.0	119095.0
1902	119503.0	119146.0
1903	119130.0	118938.0
1904	119478.0	119034.0
1905	119310.0	118795.0
1906	119417.0	118851.0
1907	119405.0	118726.0
1908	119499.0	118747.0
1909	119540.0	118763.0
1910	119214.0	118843.0
1911	119398.0	118557.0
1912	119559.0	118773.0
1913	119612.0	118713.0
1914	119297.0	118565.0
1915	119395.0	118514.0
1916	119295.0	118609.0
1917	119454.0	118744.0
1918	119450.0	118389.0
1919	119366.0	118509.0
1920	119420.0	118674.0
1921	119554.0	118368.0
1922	119485.0	118605.0
1923	119630.0	118390.0
1924	119461.0	118388.0
1925	119247.0	118448.0
1926	119563.0	118453.0
1927	119606.0	118472.0
1928	119595.0	118524.0
1929	119503.0	118257.0
1930	119548.0	118478.0
1931	119426.0	118369.0
1932	119437.0	118487.0
1933	119535.0	118196.0
1934	119599.0	118259.0
1935	119402.0	118186.0
1936	119386.0	118133.0
1937	119571.0	118113.0
1938	119728.0	118034.0
1939	119444.0	118208.0
1940	119725.0	118090.0
1941	119349.0	118338.0
1942	119438.0	118173.0
1943	119516.0	118252.0
1944	119527.0	118444.0
1945	119622.0	118389.0
1946	119542.0	118241.0
1947	119303.0	118213.0
1948	119404.0	118119.0
1949	119516.0	118096.0
1950	119638.0	118021.0
1951	119315.0	118393.0
1952	119503.0	118164.0
1953	119447.0	118135.0
1954	119386.0	118302.0
1955	119636.0	118192.0
1956	119442.0	118144.0
1957	119419.0	118326.0
1958	119301.0	118058.0
1959	119305.0	118179.0
1960	119415.0	117873.0
1961	119357.0	118227.0
1962	119250.0	118096.0
1963	119557.0	117990.0
1964	119566.0	118091.0
1965	119282.0	118101.0
1966	119450.0	117794.0
1967	119352.0	118135.0
1968	119301.0	118196.0
1969	119259.0	118203.0
1970	119511.0	118225.0
1971	119439.0	118135.0
1972	119394.0	118065.0
1973	119254.0	118252.0
1974	119575.0	118181.0
1975	119206.0	118047.0
1976	119389.0	118304.0
1977	119424.0	118340.0
1978	119463.0	118267.0
1979	119310.0	118208.0
1980	119199.0	118160.0
1981	119381.0	117870.0
1982	119310.0	118302.0
1983	119153.0	118297.0
1984	119220.0	118141.0
1985	119267.0	118124.0
1986	119172.0	118226.0
1987	119214.0	118190.0
1988	119052.0	118152.0
1989	119064.0	118067.0
1990	119336.0	118004.0
1991	119138.0	118243.0
1992	119177.0	118107.0
1993	119267.0	118054.0
1994	119037.0	118291.0
1995	119252.0	118068.0
1996	119031.0	118099.0
1997	119063.0	118043.0
1998	118947.0	118026.0
1999	119064.0	118178.0
