Distance in bp(Fragment Length Estimate: 149)(Peak Width Estimate: 149)	Same Strand (+ for Watson strand, - for Crick)	Opposite Strand
-2000	123467.0	122747.0
-1999	123505.0	122828.0
-1998	123456.0	122842.0
-1997	123491.0	122777.0
-1996	123423.0	122782.0
-1995	123550.0	122652.0
-1994	123468.0	122780.0
-1993	123487.0	122737.0
-1992	123537.0	122804.0
-1991	123407.0	122778.0
-1990	123442.0	122846.0
-1989	123512.0	122838.0
-1988	123369.0	122863.0
-1987	123452.0	122823.0
-1986	123445.0	122896.0
-1985	123502.0	122894.0
-1984	123474.0	122884.0
-1983	123402.0	122746.0
-1982	123338.0	122754.0
-1981	123372.0	122774.0
-1980	123435.0	122816.0
-1979	123353.0	122767.0
-1978	123291.0	122845.0
-1977	123411.0	122828.0
-1976	123395.0	122872.0
-1975	123359.0	122861.0
-1974	123416.0	122886.0
-1973	123399.0	122828.0
-1972	123403.0	122908.0
-1971	123420.0	122948.0
-1970	123321.0	122910.0
-1969	123421.0	122862.0
-1968	123391.0	122985.0
-1967	123372.0	122828.0
-1966	123282.0	122894.0
-1965	123366.0	122889.0
-1964	123387.0	122841.0
-1963	123327.0	122842.0
-1962	123409.0	122850.0
-1961	123325.0	122943.0
-1960	123352.0	122900.0
-1959	123350.0	122802.0
-1958	123445.0	122901.0
-1957	123401.0	122890.0
-1956	123216.0	122838.0
-1955	123315.0	122882.0
-1954	123245.0	122878.0
-1953	123266.0	122930.0
-1952	123355.0	122910.0
-1951	123346.0	122905.0
-1950	123298.0	122889.0
-1949	123224.0	122923.0
-1948	123427.0	122921.0
-1947	123184.0	122892.0
-1946	123238.0	123015.0
-1945	123239.0	122888.0
-1944	123274.0	122956.0
-1943	123249.0	122970.0
-1942	123171.0	122943.0
-1941	123170.0	122969.0
-1940	123181.0	122976.0
-1939	123273.0	122928.0
-1938	123290.0	122943.0
-1937	123215.0	122983.0
-1936	123295.0	122961.0
-1935	123294.0	123050.0
-1934	123133.0	122986.0
-1933	123189.0	123041.0
-1932	123093.0	123091.0
-1931	123106.0	123135.0
-1930	123123.0	122988.0
-1929	123100.0	123008.0
-1928	123179.0	123169.0
-1927	123229.0	123031.0
-1926	123091.0	123057.0
-1925	123216.0	123003.0
-1924	123065.0	123158.0
-1923	123208.0	122992.0
-1922	123115.0	123079.0
-1921	123126.0	122988.0
-1920	123091.0	123101.0
-1919	123115.0	123076.0
-1918	123241.0	123082.0
-1917	123180.0	123087.0
-1916	123104.0	123011.0
-1915	123110.0	122995.0
-1914	123082.0	123077.0
-1913	123123.0	123034.0
-1912	123059.0	122993.0
-1911	123096.0	122954.0
-1910	123154.0	122955.0
-1909	122990.0	123009.0
-1908	123063.0	123007.0
-1907	123063.0	122937.0
-1906	123039.0	122988.0
-1905	123023.0	122912.0
-1904	123045.0	122963.0
-1903	122998.0	122975.0
-1902	122967.0	122929.0
-1901	122935.0	122950.0
-1900	122912.0	122980.0
-1899	123039.0	123033.0
-1898	122952.0	122922.0
-1897	123066.0	122909.0
-1896	122957.0	122972.0
-1895	122905.0	123082.0
-1894	122862.0	122959.0
-1893	122878.0	122981.0
-1892	122843.0	122951.0
-1891	122923.0	122906.0
-1890	122915.0	122919.0
-1889	122818.0	122982.0
-1888	122822.0	123016.0
-1887	122891.0	122976.0
-1886	122746.0	123016.0
-1885	122852.0	122946.0
-1884	122767.0	123040.0
-1883	122788.0	123106.0
-1882	122975.0	123047.0
-1881	122807.0	122922.0
-1880	122816.0	123033.0
-1879	122867.0	123046.0
-1878	122760.0	123020.0
-1877	122749.0	123020.0
-1876	122730.0	122999.0
-1875	122700.0	122951.0
-1874	122653.0	123022.0
-1873	122635.0	122939.0
-1872	122784.0	123002.0
-1871	122690.0	123007.0
-1870	122673.0	123037.0
-1869	122656.0	122934.0
-1868	122529.0	122964.0
-1867	122543.0	122972.0
-1866	122724.0	122964.0
-1865	122645.0	122996.0
-1864	122614.0	123065.0
-1863	122613.0	122977.0
-1862	122680.0	123003.0
-1861	122713.0	122998.0
-1860	122691.0	122965.0
-1859	122594.0	123170.0
-1858	122692.0	123046.0
-1857	122648.0	123118.0
-1856	122636.0	123105.0
-1855	122540.0	123140.0
-1854	122688.0	123137.0
-1853	122640.0	123109.0
-1852	122604.0	123079.0
-1851	122611.0	123093.0
-1850	122614.0	123067.0
-1849	122519.0	123132.0
-1848	122624.0	123189.0
-1847	122596.0	123130.0
-1846	122648.0	123106.0
-1845	122626.0	123179.0
-1844	122581.0	123236.0
-1843	122546.0	123041.0
-1842	122587.0	123130.0
-1841	122550.0	123100.0
-1840	122657.0	123092.0
-1839	122641.0	123143.0
-1838	122644.0	123139.0
-1837	122690.0	123072.0
-1836	122659.0	123101.0
-1835	122588.0	123113.0
-1834	122599.0	123096.0
-1833	122565.0	123085.0
-1832	122607.0	123116.0
-1831	122538.0	123208.0
-1830	122613.0	123056.0
-1829	122528.0	123234.0
-1828	122650.0	123170.0
-1827	122639.0	123236.0
-1826	122595.0	123159.0
-1825	122515.0	123052.0
-1824	122554.0	123125.0
-1823	122512.0	123122.0
-1822	122562.0	123031.0
-1821	122573.0	123044.0
-1820	122613.0	123121.0
-1819	122454.0	123044.0
-1818	122530.0	123046.0
-1817	122461.0	122979.0
-1816	122394.0	122985.0
-1815	122425.0	123058.0
-1814	122467.0	122972.0
-1813	122602.0	122971.0
-1812	122395.0	122907.0
-1811	122394.0	122986.0
-1810	122410.0	123058.0
-1809	122437.0	123001.0
-1808	122389.0	123088.0
-1807	122314.0	123024.0
-1806	122354.0	122991.0
-1805	122420.0	123045.0
-1804	122410.0	122988.0
-1803	122350.0	122901.0
-1802	122284.0	122908.0
-1801	122303.0	122904.0
-1800	122272.0	122923.0
-1799	122300.0	122866.0
-1798	122278.0	122958.0
-1797	122238.0	122950.0
-1796	122213.0	122891.0
-1795	122282.0	122857.0
-1794	122331.0	122857.0
-1793	122321.0	122842.0
-1792	122275.0	122920.0
-1791	122190.0	122809.0
-1790	122232.0	122882.0
-1789	122259.0	122794.0
-1788	122281.0	122855.0
-1787	122246.0	122860.0
-1786	122169.0	122827.0
-1785	122212.0	122754.0
-1784	122271.0	122830.0
-1783	122157.0	122823.0
-1782	122215.0	122826.0
-1781	122211.0	122803.0
-1780	122219.0	122802.0
-1779	122228.0	122781.0
-1778	122302.0	122779.0
-1777	122358.0	122748.0
-1776	122219.0	122699.0
-1775	122206.0	122828.0
-1774	122255.0	122699.0
-1773	122200.0	122761.0
-1772	122184.0	122679.0
-1771	122192.0	122729.0
-1770	122173.0	122746.0
-1769	122232.0	122674.0
-1768	122215.0	122723.0
-1767	122207.0	122617.0
-1766	122183.0	122728.0
-1765	122213.0	122720.0
-1764	122288.0	122706.0
-1763	122172.0	122668.0
-1762	122310.0	122624.0
-1761	122265.0	122692.0
-1760	122171.0	122573.0
-1759	122237.0	122600.0
-1758	122311.0	122751.0
-1757	122268.0	122596.0
-1756	122289.0	122726.0
-1755	122211.0	122584.0
-1754	122309.0	122656.0
-1753	122234.0	122710.0
-1752	122246.0	122596.0
-1751	122290.0	122568.0
-1750	122266.0	122415.0
-1749	122324.0	122509.0
-1748	122264.0	122621.0
-1747	122301.0	122542.0
-1746	122303.0	122574.0
-1745	122299.0	122559.0
-1744	122354.0	122538.0
-1743	122288.0	122560.0
-1742	122276.0	122519.0
-1741	122402.0	122494.0
-1740	122441.0	122367.0
-1739	122440.0	122491.0
-1738	122374.0	122396.0
-1737	122481.0	122450.0
-1736	122444.0	122555.0
-1735	122376.0	122453.0
-1734	122471.0	122401.0
-1733	122463.0	122381.0
-1732	122548.0	122478.0
-1731	122554.0	122570.0
-1730	122525.0	122506.0
-1729	122481.0	122444.0
-1728	122522.0	122448.0
-1727	122525.0	122488.0
-1726	122542.0	122464.0
-1725	122462.0	122489.0
-1724	122463.0	122506.0
-1723	122558.0	122446.0
-1722	122633.0	122473.0
-1721	122564.0	122434.0
-1720	122626.0	122426.0
-1719	122483.0	122520.0
-1718	122587.0	122448.0
-1717	122710.0	122378.0
-1716	122705.0	122342.0
-1715	122735.0	122379.0
-1714	122753.0	122449.0
-1713	122745.0	122406.0
-1712	122765.0	122501.0
-1711	122808.0	122440.0
-1710	122808.0	122435.0
-1709	122848.0	122368.0
-1708	122821.0	122390.0
-1707	122867.0	122393.0
-1706	122891.0	122328.0
-1705	122934.0	122411.0
-1704	122883.0	122446.0
-1703	122948.0	122410.0
-1702	123034.0	122359.0
-1701	123047.0	122419.0
-1700	122935.0	122401.0
-1699	122976.0	122459.0
-1698	123049.0	122493.0
-1697	123047.0	122430.0
-1696	123031.0	122391.0
-1695	123015.0	122467.0
-1694	123087.0	122538.0
-1693	123194.0	122389.0
-1692	123224.0	122479.0
-1691	123192.0	122508.0
-1690	123197.0	122442.0
-1689	123209.0	122489.0
-1688	123293.0	122414.0
-1687	123262.0	122537.0
-1686	123323.0	122415.0
-1685	123213.0	122502.0
-1684	123344.0	122493.0
-1683	123356.0	122376.0
-1682	123424.0	122452.0
-1681	123518.0	122406.0
-1680	123384.0	122381.0
-1679	123493.0	122415.0
-1678	123380.0	122427.0
-1677	123501.0	122328.0
-1676	123529.0	122405.0
-1675	123656.0	122319.0
-1674	123564.0	122332.0
-1673	123549.0	122365.0
-1672	123722.0	122324.0
-1671	123700.0	122334.0
-1670	123565.0	122354.0
-1669	123774.0	122349.0
-1668	123816.0	122328.0
-1667	123765.0	122326.0
-1666	123750.0	122257.0
-1665	123713.0	122262.0
-1664	123751.0	122309.0
-1663	123776.0	122238.0
-1662	123838.0	122274.0
-1661	123840.0	122312.0
-1660	123797.0	122296.0
-1659	123790.0	122261.0
-1658	123785.0	122266.0
-1657	123831.0	122263.0
-1656	123766.0	122235.0
-1655	123867.0	122194.0
-1654	123911.0	122228.0
-1653	123746.0	122207.0
-1652	123893.0	122174.0
-1651	123833.0	122165.0
-1650	123880.0	122066.0
-1649	123837.0	122243.0
-1648	123946.0	122090.0
-1647	123852.0	122106.0
-1646	123915.0	122030.0
-1645	123888.0	122110.0
-1644	123793.0	122110.0
-1643	123945.0	122087.0
-1642	123924.0	122048.0
-1641	123953.0	122110.0
-1640	123965.0	121977.0
-1639	123999.0	121992.0
-1638	123924.0	122005.0
-1637	123991.0	122017.0
-1636	124145.0	122009.0
-1635	124093.0	122074.0
-1634	124044.0	122017.0
-1633	124125.0	121982.0
-1632	123926.0	122062.0
-1631	124126.0	122047.0
-1630	124033.0	122010.0
-1629	123997.0	121937.0
-1628	124015.0	121987.0
-1627	124032.0	122025.0
-1626	124061.0	122030.0
-1625	124057.0	122014.0
-1624	124078.0	121939.0
-1623	124190.0	122061.0
-1622	124068.0	122060.0
-1621	124073.0	121952.0
-1620	124075.0	121970.0
-1619	124063.0	121870.0
-1618	124028.0	121963.0
-1617	124092.0	121985.0
-1616	124041.0	121971.0
-1615	124135.0	122037.0
-1614	124091.0	121918.0
-1613	124142.0	121994.0
-1612	124122.0	121969.0
-1611	124009.0	121866.0
-1610	124132.0	121930.0
-1609	124131.0	122034.0
-1608	124127.0	121979.0
-1607	124174.0	122024.0
-1606	124177.0	121961.0
-1605	124173.0	122006.0
-1604	124164.0	121987.0
-1603	124234.0	122053.0
-1602	124169.0	122028.0
-1601	124209.0	122066.0
-1600	124071.0	121895.0
-1599	124144.0	121968.0
-1598	124074.0	122056.0
-1597	124092.0	121972.0
-1596	124201.0	122003.0
-1595	124208.0	121979.0
-1594	124150.0	121994.0
-1593	124192.0	122056.0
-1592	124207.0	122014.0
-1591	124164.0	122047.0
-1590	124079.0	122130.0
-1589	124172.0	122070.0
-1588	124032.0	122077.0
-1587	124149.0	122144.0
-1586	124089.0	122072.0
-1585	124160.0	122100.0
-1584	124077.0	122097.0
-1583	124126.0	122203.0
-1582	124200.0	122092.0
-1581	124036.0	122215.0
-1580	124095.0	122073.0
-1579	124030.0	122243.0
-1578	124075.0	122195.0
-1577	124071.0	122204.0
-1576	123995.0	122196.0
-1575	123982.0	122195.0
-1574	123994.0	122240.0
-1573	123958.0	122281.0
-1572	123946.0	122275.0
-1571	124067.0	122365.0
-1570	124079.0	122396.0
-1569	123949.0	122270.0
-1568	123967.0	122336.0
-1567	123998.0	122481.0
-1566	123976.0	122333.0
-1565	124007.0	122504.0
-1564	124001.0	122482.0
-1563	123990.0	122365.0
-1562	123980.0	122424.0
-1561	123964.0	122485.0
-1560	123964.0	122464.0
-1559	123906.0	122590.0
-1558	124052.0	122489.0
-1557	124030.0	122546.0
-1556	123945.0	122568.0
-1555	123964.0	122541.0
-1554	123904.0	122599.0
-1553	123931.0	122601.0
-1552	123881.0	122684.0
-1551	123866.0	122675.0
-1550	124011.0	122702.0
-1549	123841.0	122745.0
-1548	123798.0	122747.0
-1547	123859.0	122715.0
-1546	123838.0	122744.0
-1545	123889.0	122981.0
-1544	123782.0	122860.0
-1543	123866.0	122944.0
-1542	123895.0	122803.0
-1541	123827.0	122971.0
-1540	123805.0	122993.0
-1539	123836.0	122967.0
-1538	123774.0	123009.0
-1537	123911.0	122997.0
-1536	123804.0	123074.0
-1535	123855.0	123043.0
-1534	123864.0	123038.0
-1533	123809.0	123009.0
-1532	123895.0	123032.0
-1531	123927.0	122999.0
-1530	123843.0	123125.0
-1529	123714.0	123172.0
-1528	123799.0	123152.0
-1527	123841.0	123191.0
-1526	123724.0	123111.0
-1525	123920.0	123179.0
-1524	123778.0	123243.0
-1523	123914.0	123206.0
-1522	123812.0	123261.0
-1521	123788.0	123342.0
-1520	123813.0	123205.0
-1519	123923.0	123302.0
-1518	123820.0	123331.0
-1517	123759.0	123367.0
-1516	123806.0	123423.0
-1515	123734.0	123412.0
-1514	123827.0	123388.0
-1513	123778.0	123504.0
-1512	123913.0	123447.0
-1511	123852.0	123447.0
-1510	123825.0	123385.0
-1509	123931.0	123547.0
-1508	123856.0	123487.0
-1507	123852.0	123498.0
-1506	123902.0	123511.0
-1505	123956.0	123554.0
-1504	123919.0	123486.0
-1503	123844.0	123561.0
-1502	123938.0	123650.0
-1501	123926.0	123607.0
-1500	123924.0	123625.0
-1499	123879.0	123525.0
-1498	123948.0	123695.0
-1497	123961.0	123662.0
-1496	123967.0	123695.0
-1495	123867.0	123620.0
-1494	123888.0	123712.0
-1493	123897.0	123592.0
-1492	123981.0	123635.0
-1491	123938.0	123604.0
-1490	123982.0	123532.0
-1489	123981.0	123687.0
-1488	124067.0	123729.0
-1487	123989.0	123717.0
-1486	124061.0	123693.0
-1485	124014.0	123779.0
-1484	124037.0	123729.0
-1483	124090.0	123817.0
-1482	124083.0	123760.0
-1481	123985.0	123732.0
-1480	123976.0	123849.0
-1479	124013.0	123815.0
-1478	123999.0	123809.0
-1477	123962.0	123820.0
-1476	124010.0	123829.0
-1475	124056.0	123784.0
-1474	123945.0	123760.0
-1473	124074.0	123795.0
-1472	124037.0	123819.0
-1471	123958.0	123904.0
-1470	123937.0	123756.0
-1469	123980.0	123863.0
-1468	123939.0	123807.0
-1467	124076.0	123927.0
-1466	124047.0	123888.0
-1465	123947.0	123865.0
-1464	123971.0	123949.0
-1463	123950.0	123923.0
-1462	124008.0	124036.0
-1461	124016.0	123958.0
-1460	123909.0	123847.0
-1459	123974.0	123881.0
-1458	124009.0	123972.0
-1457	124021.0	123891.0
-1456	123998.0	123959.0
-1455	124001.0	124006.0
-1454	123948.0	123977.0
-1453	124043.0	123878.0
-1452	123974.0	123951.0
-1451	124080.0	124002.0
-1450	123955.0	123868.0
-1449	123973.0	123941.0
-1448	123998.0	123922.0
-1447	123886.0	123901.0
-1446	123946.0	123897.0
-1445	124042.0	123958.0
-1444	123914.0	124016.0
-1443	124062.0	124076.0
-1442	123991.0	124054.0
-1441	123865.0	123997.0
-1440	123926.0	123971.0
-1439	123843.0	124012.0
-1438	123814.0	123991.0
-1437	123970.0	123958.0
-1436	123900.0	123815.0
-1435	123761.0	123887.0
-1434	123804.0	123947.0
-1433	123792.0	123880.0
-1432	123937.0	123875.0
-1431	123756.0	123955.0
-1430	123887.0	123884.0
-1429	123893.0	123940.0
-1428	123932.0	123985.0
-1427	123909.0	123929.0
-1426	123787.0	123955.0
-1425	123840.0	123778.0
-1424	123876.0	123907.0
-1423	123739.0	123941.0
-1422	123731.0	123983.0
-1421	123805.0	123933.0
-1420	123949.0	123852.0
-1419	123800.0	123857.0
-1418	123801.0	123801.0
-1417	123829.0	123846.0
-1416	123794.0	123835.0
-1415	123811.0	123862.0
-1414	123773.0	123804.0
-1413	123866.0	123750.0
-1412	123739.0	123767.0
-1411	123768.0	123764.0
-1410	123813.0	123795.0
-1409	123729.0	123696.0
-1408	123727.0	123736.0
-1407	123716.0	123711.0
-1406	123729.0	123813.0
-1405	123664.0	123725.0
-1404	123665.0	123731.0
-1403	123645.0	123681.0
-1402	123703.0	123674.0
-1401	123626.0	123719.0
-1400	123677.0	123637.0
-1399	123573.0	123747.0
-1398	123516.0	123600.0
-1397	123678.0	123588.0
-1396	123471.0	123619.0
-1395	123545.0	123665.0
-1394	123524.0	123662.0
-1393	123517.0	123703.0
-1392	123556.0	123592.0
-1391	123554.0	123609.0
-1390	123505.0	123586.0
-1389	123458.0	123636.0
-1388	123466.0	123573.0
-1387	123397.0	123590.0
-1386	123520.0	123662.0
-1385	123426.0	123594.0
-1384	123430.0	123702.0
-1383	123401.0	123542.0
-1382	123367.0	123584.0
-1381	123406.0	123669.0
-1380	123406.0	123603.0
-1379	123295.0	123667.0
-1378	123284.0	123608.0
-1377	123261.0	123637.0
-1376	123350.0	123628.0
-1375	123432.0	123623.0
-1374	123305.0	123702.0
-1373	123382.0	123590.0
-1372	123331.0	123512.0
-1371	123285.0	123656.0
-1370	123368.0	123583.0
-1369	123238.0	123598.0
-1368	123370.0	123536.0
-1367	123344.0	123518.0
-1366	123300.0	123622.0
-1365	123269.0	123561.0
-1364	123274.0	123606.0
-1363	123257.0	123645.0
-1362	123240.0	123625.0
-1361	123254.0	123590.0
-1360	123265.0	123602.0
-1359	123213.0	123659.0
-1358	123232.0	123716.0
-1357	123159.0	123654.0
-1356	123167.0	123655.0
-1355	123152.0	123593.0
-1354	123162.0	123610.0
-1353	123108.0	123697.0
-1352	123240.0	123703.0
-1351	123229.0	123630.0
-1350	123131.0	123661.0
-1349	123186.0	123701.0
-1348	123236.0	123577.0
-1347	123098.0	123677.0
-1346	123256.0	123741.0
-1345	123208.0	123682.0
-1344	123032.0	123619.0
-1343	123179.0	123685.0
-1342	123118.0	123570.0
-1341	123094.0	123759.0
-1340	123120.0	123583.0
-1339	123068.0	123598.0
-1338	123021.0	123654.0
-1337	123098.0	123574.0
-1336	123166.0	123573.0
-1335	123068.0	123519.0
-1334	123119.0	123665.0
-1333	123123.0	123586.0
-1332	123037.0	123749.0
-1331	123123.0	123660.0
-1330	123119.0	123588.0
-1329	123173.0	123627.0
-1328	123120.0	123559.0
-1327	123108.0	123606.0
-1326	123093.0	123710.0
-1325	123031.0	123615.0
-1324	123120.0	123636.0
-1323	123140.0	123633.0
-1322	123095.0	123664.0
-1321	123043.0	123636.0
-1320	123044.0	123578.0
-1319	123140.0	123612.0
-1318	123133.0	123693.0
-1317	123187.0	123705.0
-1316	123165.0	123611.0
-1315	123095.0	123580.0
-1314	123162.0	123635.0
-1313	123151.0	123647.0
-1312	123108.0	123717.0
-1311	123183.0	123620.0
-1310	123124.0	123643.0
-1309	123205.0	123690.0
-1308	123184.0	123643.0
-1307	123134.0	123640.0
-1306	123237.0	123659.0
-1305	123223.0	123608.0
-1304	123157.0	123633.0
-1303	123308.0	123579.0
-1302	123262.0	123642.0
-1301	123186.0	123511.0
-1300	123305.0	123661.0
-1299	123349.0	123581.0
-1298	123296.0	123569.0
-1297	123207.0	123706.0
-1296	123296.0	123615.0
-1295	123267.0	123544.0
-1294	123371.0	123578.0
-1293	123279.0	123579.0
-1292	123424.0	123427.0
-1291	123359.0	123537.0
-1290	123437.0	123498.0
-1289	123355.0	123583.0
-1288	123390.0	123523.0
-1287	123394.0	123615.0
-1286	123507.0	123615.0
-1285	123452.0	123507.0
-1284	123557.0	123468.0
-1283	123389.0	123512.0
-1282	123438.0	123475.0
-1281	123497.0	123437.0
-1280	123519.0	123553.0
-1279	123388.0	123497.0
-1278	123563.0	123466.0
-1277	123526.0	123458.0
-1276	123462.0	123476.0
-1275	123707.0	123467.0
-1274	123616.0	123375.0
-1273	123597.0	123394.0
-1272	123645.0	123447.0
-1271	123625.0	123346.0
-1270	123677.0	123378.0
-1269	123622.0	123369.0
-1268	123642.0	123420.0
-1267	123645.0	123389.0
-1266	123638.0	123478.0
-1265	123653.0	123335.0
-1264	123778.0	123488.0
-1263	123710.0	123374.0
-1262	123774.0	123256.0
-1261	123817.0	123333.0
-1260	123807.0	123306.0
-1259	123786.0	123377.0
-1258	123719.0	123375.0
-1257	123882.0	123290.0
-1256	123704.0	123265.0
-1255	123872.0	123285.0
-1254	123802.0	123245.0
-1253	123852.0	123259.0
-1252	123948.0	123162.0
-1251	123891.0	123211.0
-1250	123758.0	123251.0
-1249	123921.0	123083.0
-1248	123746.0	123221.0
-1247	123905.0	123156.0
-1246	123932.0	123171.0
-1245	123883.0	123202.0
-1244	123874.0	123120.0
-1243	123968.0	123181.0
-1242	123929.0	123256.0
-1241	123996.0	123097.0
-1240	123997.0	123104.0
-1239	123793.0	123057.0
-1238	123985.0	123033.0
-1237	124041.0	122945.0
-1236	123928.0	123123.0
-1235	123980.0	123086.0
-1234	123975.0	123070.0
-1233	124079.0	123050.0
-1232	124070.0	123038.0
-1231	124021.0	123124.0
-1230	124016.0	123185.0
-1229	123981.0	123130.0
-1228	123973.0	123038.0
-1227	124103.0	122974.0
-1226	124097.0	122952.0
-1225	123942.0	123000.0
-1224	124084.0	123010.0
-1223	124066.0	123013.0
-1222	124031.0	122984.0
-1221	124068.0	122959.0
-1220	123898.0	122963.0
-1219	124016.0	122832.0
-1218	123916.0	122936.0
-1217	123940.0	122896.0
-1216	124014.0	122959.0
-1215	124022.0	122912.0
-1214	124011.0	122932.0
-1213	124011.0	122940.0
-1212	123963.0	123112.0
-1211	123984.0	122898.0
-1210	124066.0	122893.0
-1209	124044.0	122927.0
-1208	124031.0	122920.0
-1207	123983.0	122967.0
-1206	123987.0	122949.0
-1205	123995.0	122943.0
-1204	123995.0	122855.0
-1203	123945.0	122796.0
-1202	123955.0	122854.0
-1201	123960.0	122854.0
-1200	123942.0	122854.0
-1199	123980.0	122838.0
-1198	124033.0	122898.0
-1197	123971.0	122881.0
-1196	123960.0	122833.0
-1195	123982.0	122871.0
-1194	124005.0	122818.0
-1193	124082.0	122879.0
-1192	123955.0	122865.0
-1191	124063.0	122838.0
-1190	123943.0	122907.0
-1189	123924.0	122898.0
-1188	123986.0	122885.0
-1187	123971.0	122772.0
-1186	124003.0	122953.0
-1185	124011.0	122792.0
-1184	123976.0	122803.0
-1183	124045.0	122827.0
-1182	124039.0	122819.0
-1181	124018.0	122855.0
-1180	124111.0	122762.0
-1179	123982.0	122860.0
-1178	123994.0	122840.0
-1177	123981.0	122874.0
-1176	124035.0	122849.0
-1175	123982.0	122787.0
-1174	123973.0	122922.0
-1173	124022.0	122817.0
-1172	123981.0	122933.0
-1171	124059.0	122823.0
-1170	124038.0	122904.0
-1169	124087.0	122953.0
-1168	123900.0	122960.0
-1167	124099.0	122986.0
-1166	123989.0	122980.0
-1165	124110.0	122866.0
-1164	124100.0	122897.0
-1163	124052.0	122990.0
-1162	124024.0	122955.0
-1161	123977.0	122935.0
-1160	124096.0	122954.0
-1159	123953.0	123010.0
-1158	123966.0	123055.0
-1157	124039.0	122917.0
-1156	123964.0	123099.0
-1155	123992.0	122961.0
-1154	123868.0	123029.0
-1153	123921.0	123113.0
-1152	123957.0	123106.0
-1151	123920.0	123145.0
-1150	123962.0	123036.0
-1149	123994.0	123155.0
-1148	123963.0	122946.0
-1147	123876.0	123148.0
-1146	123977.0	123090.0
-1145	123988.0	123057.0
-1144	123939.0	123159.0
-1143	123899.0	123217.0
-1142	123895.0	123157.0
-1141	123938.0	123214.0
-1140	123932.0	123191.0
-1139	123921.0	123195.0
-1138	123908.0	123233.0
-1137	123866.0	123278.0
-1136	123929.0	123232.0
-1135	123922.0	123280.0
-1134	123958.0	123234.0
-1133	123972.0	123302.0
-1132	123964.0	123341.0
-1131	123890.0	123238.0
-1130	123958.0	123278.0
-1129	123866.0	123338.0
-1128	123940.0	123354.0
-1127	123808.0	123418.0
-1126	123865.0	123399.0
-1125	123947.0	123394.0
-1124	123791.0	123318.0
-1123	123909.0	123411.0
-1122	123835.0	123477.0
-1121	123862.0	123299.0
-1120	123852.0	123350.0
-1119	123882.0	123468.0
-1118	123765.0	123516.0
-1117	123944.0	123388.0
-1116	123810.0	123498.0
-1115	123865.0	123456.0
-1114	123688.0	123549.0
-1113	123835.0	123460.0
-1112	123816.0	123530.0
-1111	123799.0	123578.0
-1110	123777.0	123584.0
-1109	123863.0	123471.0
-1108	123900.0	123551.0
-1107	123794.0	123644.0
-1106	123877.0	123529.0
-1105	123678.0	123578.0
-1104	123870.0	123639.0
-1103	123749.0	123543.0
-1102	123808.0	123655.0
-1101	123860.0	123576.0
-1100	123818.0	123709.0
-1099	123825.0	123677.0
-1098	123765.0	123668.0
-1097	123750.0	123728.0
-1096	123837.0	123604.0
-1095	123816.0	123745.0
-1094	123734.0	123815.0
-1093	123778.0	123667.0
-1092	123732.0	123703.0
-1091	123760.0	123682.0
-1090	123704.0	123734.0
-1089	123844.0	123815.0
-1088	123779.0	123790.0
-1087	123828.0	123631.0
-1086	123763.0	123756.0
-1085	123834.0	123623.0
-1084	123628.0	123748.0
-1083	123760.0	123794.0
-1082	123753.0	123727.0
-1081	123706.0	123752.0
-1080	123676.0	123781.0
-1079	123792.0	123705.0
-1078	123705.0	123714.0
-1077	123758.0	123791.0
-1076	123703.0	123751.0
-1075	123772.0	123782.0
-1074	123713.0	123745.0
-1073	123672.0	123785.0
-1072	123755.0	123759.0
-1071	123814.0	123827.0
-1070	123777.0	123650.0
-1069	123594.0	123762.0
-1068	123569.0	123735.0
-1067	123622.0	123798.0
-1066	123651.0	123792.0
-1065	123714.0	123749.0
-1064	123671.0	123679.0
-1063	123828.0	123775.0
-1062	123663.0	123774.0
-1061	123737.0	123741.0
-1060	123711.0	123678.0
-1059	123771.0	123726.0
-1058	123776.0	123689.0
-1057	123702.0	123810.0
-1056	123673.0	123895.0
-1055	123681.0	123775.0
-1054	123691.0	123740.0
-1053	123806.0	123712.0
-1052	123675.0	123756.0
-1051	123728.0	123697.0
-1050	123676.0	123618.0
-1049	123622.0	123733.0
-1048	123800.0	123710.0
-1047	123688.0	123671.0
-1046	123674.0	123656.0
-1045	123707.0	123641.0
-1044	123777.0	123676.0
-1043	123759.0	123697.0
-1042	123583.0	123692.0
-1041	123639.0	123681.0
-1040	123733.0	123751.0
-1039	123654.0	123589.0
-1038	123726.0	123712.0
-1037	123790.0	123649.0
-1036	123665.0	123704.0
-1035	123764.0	123629.0
-1034	123703.0	123686.0
-1033	123853.0	123641.0
-1032	123741.0	123771.0
-1031	123773.0	123621.0
-1030	123797.0	123618.0
-1029	123758.0	123622.0
-1028	123736.0	123658.0
-1027	123758.0	123786.0
-1026	123699.0	123626.0
-1025	123910.0	123532.0
-1024	123836.0	123700.0
-1023	123882.0	123648.0
-1022	123855.0	123594.0
-1021	123956.0	123700.0
-1020	123817.0	123545.0
-1019	123911.0	123645.0
-1018	123841.0	123667.0
-1017	123928.0	123610.0
-1016	123869.0	123638.0
-1015	123910.0	123599.0
-1014	123956.0	123645.0
-1013	123885.0	123579.0
-1012	123879.0	123586.0
-1011	123920.0	123688.0
-1010	123958.0	123716.0
-1009	123924.0	123631.0
-1008	123877.0	123743.0
-1007	123976.0	123745.0
-1006	123939.0	123601.0
-1005	124029.0	123578.0
-1004	123984.0	123623.0
-1003	123958.0	123570.0
-1002	123959.0	123709.0
-1001	123972.0	123659.0
-1000	124068.0	123622.0
-999	123996.0	123433.0
-998	124043.0	123600.0
-997	123848.0	123524.0
-996	123997.0	123582.0
-995	123968.0	123506.0
-994	123935.0	123532.0
-993	123989.0	123390.0
-992	124013.0	123617.0
-991	123939.0	123558.0
-990	124125.0	123527.0
-989	124030.0	123462.0
-988	124024.0	123513.0
-987	124068.0	123461.0
-986	124056.0	123477.0
-985	124100.0	123315.0
-984	124071.0	123482.0
-983	124084.0	123419.0
-982	124109.0	123442.0
-981	124105.0	123438.0
-980	124151.0	123442.0
-979	124037.0	123500.0
-978	124027.0	123376.0
-977	124143.0	123340.0
-976	124041.0	123456.0
-975	124137.0	123397.0
-974	124184.0	123404.0
-973	124096.0	123245.0
-972	124195.0	123317.0
-971	124227.0	123366.0
-970	124157.0	123378.0
-969	124235.0	123331.0
-968	124175.0	123405.0
-967	124209.0	123352.0
-966	124241.0	123395.0
-965	124131.0	123373.0
-964	124147.0	123272.0
-963	124142.0	123442.0
-962	124199.0	123340.0
-961	124174.0	123352.0
-960	124244.0	123403.0
-959	124189.0	123313.0
-958	124227.0	123314.0
-957	124239.0	123327.0
-956	124303.0	123311.0
-955	124272.0	123278.0
-954	124292.0	123202.0
-953	124258.0	123261.0
-952	124259.0	123262.0
-951	124270.0	123354.0
-950	124287.0	123297.0
-949	124303.0	123282.0
-948	124263.0	123364.0
-947	124256.0	123368.0
-946	124223.0	123372.0
-945	124303.0	123334.0
-944	124323.0	123393.0
-943	124232.0	123394.0
-942	124306.0	123349.0
-941	124386.0	123271.0
-940	124275.0	123259.0
-939	124360.0	123310.0
-938	124295.0	123282.0
-937	124372.0	123207.0
-936	124381.0	123260.0
-935	124354.0	123331.0
-934	124332.0	123354.0
-933	124318.0	123326.0
-932	124348.0	123295.0
-931	124359.0	123344.0
-930	124352.0	123308.0
-929	124310.0	123320.0
-928	124240.0	123335.0
-927	124331.0	123293.0
-926	124332.0	123252.0
-925	124263.0	123229.0
-924	124400.0	123267.0
-923	124361.0	123334.0
-922	124398.0	123407.0
-921	124431.0	123301.0
-920	124393.0	123416.0
-919	124353.0	123359.0
-918	124396.0	123413.0
-917	124426.0	123371.0
-916	124453.0	123386.0
-915	124435.0	123376.0
-914	124503.0	123396.0
-913	124352.0	123311.0
-912	124385.0	123456.0
-911	124507.0	123403.0
-910	124480.0	123368.0
-909	124429.0	123429.0
-908	124425.0	123371.0
-907	124372.0	123353.0
-906	124467.0	123419.0
-905	124456.0	123434.0
-904	124461.0	123318.0
-903	124518.0	123415.0
-902	124310.0	123403.0
-901	124426.0	123392.0
-900	124486.0	123359.0
-899	124419.0	123418.0
-898	124391.0	123481.0
-897	124422.0	123559.0
-896	124494.0	123430.0
-895	124427.0	123486.0
-894	124585.0	123458.0
-893	124517.0	123545.0
-892	124557.0	123449.0
-891	124568.0	123576.0
-890	124603.0	123414.0
-889	124495.0	123525.0
-888	124619.0	123462.0
-887	124540.0	123462.0
-886	124446.0	123472.0
-885	124573.0	123431.0
-884	124533.0	123360.0
-883	124515.0	123443.0
-882	124616.0	123469.0
-881	124437.0	123445.0
-880	124498.0	123366.0
-879	124544.0	123509.0
-878	124537.0	123409.0
-877	124487.0	123355.0
-876	124465.0	123483.0
-875	124448.0	123454.0
-874	124574.0	123551.0
-873	124457.0	123607.0
-872	124363.0	123537.0
-871	124553.0	123430.0
-870	124594.0	123539.0
-869	124501.0	123603.0
-868	124566.0	123609.0
-867	124480.0	123536.0
-866	124577.0	123610.0
-865	124478.0	123661.0
-864	124563.0	123645.0
-863	124498.0	123646.0
-862	124526.0	123652.0
-861	124453.0	123690.0
-860	124466.0	123655.0
-859	124413.0	123733.0
-858	124433.0	123789.0
-857	124430.0	123774.0
-856	124499.0	123731.0
-855	124408.0	123711.0
-854	124394.0	123723.0
-853	124312.0	123620.0
-852	124468.0	123789.0
-851	124385.0	123837.0
-850	124323.0	123847.0
-849	124420.0	123865.0
-848	124420.0	123748.0
-847	124315.0	123798.0
-846	124305.0	123815.0
-845	124352.0	123764.0
-844	124360.0	123849.0
-843	124384.0	123864.0
-842	124370.0	123823.0
-841	124257.0	123858.0
-840	124311.0	123793.0
-839	124339.0	123824.0
-838	124215.0	123957.0
-837	124202.0	123874.0
-836	124330.0	123895.0
-835	124276.0	123859.0
-834	124308.0	123896.0
-833	124278.0	123998.0
-832	124206.0	124013.0
-831	124293.0	123859.0
-830	124294.0	123977.0
-829	124241.0	123968.0
-828	124237.0	124022.0
-827	124172.0	123868.0
-826	124207.0	123974.0
-825	124288.0	123976.0
-824	124254.0	123985.0
-823	124269.0	123973.0
-822	124129.0	123998.0
-821	124196.0	123984.0
-820	124127.0	124010.0
-819	124268.0	124025.0
-818	124229.0	124088.0
-817	124111.0	124068.0
-816	124163.0	123981.0
-815	124204.0	123930.0
-814	124085.0	124167.0
-813	124213.0	124048.0
-812	124096.0	123937.0
-811	124119.0	124009.0
-810	124058.0	124070.0
-809	124065.0	123890.0
-808	124031.0	124073.0
-807	124022.0	124110.0
-806	124027.0	124083.0
-805	124101.0	124103.0
-804	124091.0	124036.0
-803	124062.0	124024.0
-802	123989.0	124043.0
-801	124113.0	124103.0
-800	124156.0	124028.0
-799	124190.0	124093.0
-798	124057.0	124130.0
-797	124043.0	123971.0
-796	124109.0	124029.0
-795	124075.0	124008.0
-794	124128.0	123984.0
-793	124033.0	124054.0
-792	124007.0	124074.0
-791	124069.0	124132.0
-790	123971.0	124121.0
-789	124025.0	124148.0
-788	124128.0	124183.0
-787	124143.0	124103.0
-786	124078.0	124190.0
-785	124040.0	124024.0
-784	124102.0	124188.0
-783	124072.0	124130.0
-782	124068.0	124159.0
-781	124024.0	124234.0
-780	124023.0	124188.0
-779	124044.0	124210.0
-778	124105.0	124152.0
-777	124084.0	124178.0
-776	124043.0	124142.0
-775	124096.0	124212.0
-774	123981.0	124151.0
-773	124093.0	124177.0
-772	123971.0	124131.0
-771	123992.0	124113.0
-770	124012.0	124204.0
-769	124019.0	124082.0
-768	123962.0	124073.0
-767	123954.0	124266.0
-766	124008.0	124120.0
-765	124046.0	124134.0
-764	123929.0	124212.0
-763	123941.0	124105.0
-762	123957.0	124148.0
-761	124063.0	124097.0
-760	124091.0	124188.0
-759	124010.0	124051.0
-758	124028.0	124144.0
-757	123985.0	124081.0
-756	124053.0	124260.0
-755	124007.0	124186.0
-754	123975.0	124259.0
-753	124058.0	124186.0
-752	123992.0	124199.0
-751	123981.0	124346.0
-750	124080.0	124228.0
-749	124056.0	124213.0
-748	124063.0	124307.0
-747	124092.0	124287.0
-746	124090.0	124272.0
-745	124020.0	124337.0
-744	124116.0	124383.0
-743	124078.0	124331.0
-742	123945.0	124365.0
-741	124078.0	124366.0
-740	123957.0	124321.0
-739	124120.0	124359.0
-738	124172.0	124445.0
-737	124074.0	124320.0
-736	124111.0	124366.0
-735	124173.0	124413.0
-734	124200.0	124308.0
-733	124178.0	124295.0
-732	124112.0	124465.0
-731	124117.0	124406.0
-730	124191.0	124334.0
-729	124068.0	124404.0
-728	124192.0	124456.0
-727	124140.0	124351.0
-726	124178.0	124335.0
-725	124220.0	124493.0
-724	124249.0	124331.0
-723	124142.0	124477.0
-722	124235.0	124440.0
-721	124255.0	124360.0
-720	124307.0	124403.0
-719	124248.0	124373.0
-718	124330.0	124231.0
-717	124253.0	124394.0
-716	124291.0	124291.0
-715	124427.0	124337.0
-714	124392.0	124375.0
-713	124313.0	124414.0
-712	124392.0	124195.0
-711	124401.0	124299.0
-710	124396.0	124270.0
-709	124503.0	124183.0
-708	124454.0	124265.0
-707	124458.0	124264.0
-706	124428.0	124292.0
-705	124376.0	124275.0
-704	124412.0	124179.0
-703	124507.0	124325.0
-702	124461.0	124270.0
-701	124478.0	124294.0
-700	124335.0	124214.0
-699	124462.0	124161.0
-698	124435.0	124209.0
-697	124428.0	124204.0
-696	124596.0	124223.0
-695	124552.0	124199.0
-694	124461.0	124191.0
-693	124582.0	124249.0
-692	124661.0	124191.0
-691	124549.0	124163.0
-690	124540.0	124204.0
-689	124448.0	124115.0
-688	124477.0	124128.0
-687	124581.0	124240.0
-686	124569.0	124174.0
-685	124604.0	124204.0
-684	124619.0	124166.0
-683	124571.0	124120.0
-682	124660.0	124164.0
-681	124704.0	124172.0
-680	124658.0	124229.0
-679	124711.0	124131.0
-678	124713.0	124188.0
-677	124762.0	124112.0
-676	124896.0	124170.0
-675	124762.0	124171.0
-674	124751.0	124119.0
-673	124773.0	124178.0
-672	124861.0	124130.0
-671	124703.0	124149.0
-670	124849.0	124051.0
-669	124822.0	124178.0
-668	124890.0	124132.0
-667	124850.0	124188.0
-666	124891.0	124151.0
-665	124965.0	124066.0
-664	124915.0	124019.0
-663	124917.0	124223.0
-662	124972.0	124138.0
-661	124929.0	124165.0
-660	124984.0	124271.0
-659	124969.0	124180.0
-658	125020.0	124117.0
-657	124970.0	124263.0
-656	124978.0	124111.0
-655	124949.0	124084.0
-654	125040.0	124080.0
-653	125011.0	124113.0
-652	125043.0	124067.0
-651	125077.0	124203.0
-650	125028.0	124059.0
-649	125076.0	124096.0
-648	125049.0	124209.0
-647	125080.0	124024.0
-646	124998.0	124211.0
-645	124941.0	124075.0
-644	125006.0	124136.0
-643	125101.0	124141.0
-642	125163.0	124061.0
-641	125062.0	123984.0
-640	125039.0	124037.0
-639	125099.0	123968.0
-638	125183.0	123921.0
-637	125106.0	123875.0
-636	125080.0	123996.0
-635	125078.0	123987.0
-634	125086.0	123953.0
-633	125024.0	123985.0
-632	125067.0	124039.0
-631	125142.0	124007.0
-630	125095.0	123944.0
-629	125168.0	123922.0
-628	125197.0	124009.0
-627	125152.0	123871.0
-626	125179.0	124006.0
-625	125083.0	123997.0
-624	125116.0	123973.0
-623	125147.0	123952.0
-622	125190.0	123964.0
-621	125237.0	123859.0
-620	125053.0	123942.0
-619	125232.0	123925.0
-618	125130.0	123899.0
-617	125191.0	123982.0
-616	125192.0	123896.0
-615	125137.0	123875.0
-614	125177.0	123883.0
-613	125249.0	123816.0
-612	125198.0	123769.0
-611	125008.0	123869.0
-610	125050.0	123797.0
-609	125071.0	123906.0
-608	125098.0	123862.0
-607	125075.0	123783.0
-606	125056.0	123804.0
-605	124983.0	123801.0
-604	124997.0	123807.0
-603	125037.0	123664.0
-602	125015.0	123837.0
-601	125054.0	123847.0
-600	125092.0	123919.0
-599	125002.0	123923.0
-598	125154.0	123854.0
-597	125020.0	123990.0
-596	125080.0	123925.0
-595	125094.0	123816.0
-594	125036.0	123804.0
-593	124921.0	123807.0
-592	125019.0	123881.0
-591	125073.0	123948.0
-590	124941.0	123891.0
-589	124969.0	123847.0
-588	125005.0	123894.0
-587	124974.0	123905.0
-586	124935.0	123913.0
-585	124966.0	123915.0
-584	124930.0	123864.0
-583	124895.0	123834.0
-582	125016.0	124039.0
-581	124923.0	123939.0
-580	124844.0	123974.0
-579	124884.0	123896.0
-578	124799.0	123980.0
-577	124832.0	123934.0
-576	124832.0	123999.0
-575	124883.0	123957.0
-574	124724.0	123994.0
-573	124822.0	124073.0
-572	124907.0	124063.0
-571	124882.0	123993.0
-570	124908.0	124100.0
-569	124809.0	124082.0
-568	124806.0	124029.0
-567	124788.0	124209.0
-566	124744.0	124015.0
-565	124767.0	124113.0
-564	124698.0	124184.0
-563	124763.0	124166.0
-562	124668.0	124126.0
-561	124657.0	124139.0
-560	124614.0	124100.0
-559	124549.0	124209.0
-558	124564.0	124180.0
-557	124508.0	124070.0
-556	124555.0	124202.0
-555	124566.0	124159.0
-554	124565.0	124188.0
-553	124570.0	124135.0
-552	124669.0	124286.0
-551	124557.0	124268.0
-550	124565.0	124254.0
-549	124505.0	124199.0
-548	124449.0	124184.0
-547	124428.0	124214.0
-546	124481.0	124255.0
-545	124404.0	124240.0
-544	124467.0	124264.0
-543	124535.0	124235.0
-542	124448.0	124296.0
-541	124427.0	124312.0
-540	124466.0	124342.0
-539	124368.0	124383.0
-538	124414.0	124337.0
-537	124427.0	124366.0
-536	124299.0	124446.0
-535	124307.0	124472.0
-534	124283.0	124488.0
-533	124436.0	124351.0
-532	124239.0	124410.0
-531	124327.0	124437.0
-530	124187.0	124415.0
-529	124292.0	124543.0
-528	124268.0	124467.0
-527	124266.0	124565.0
-526	124336.0	124598.0
-525	124247.0	124553.0
-524	124283.0	124499.0
-523	124303.0	124498.0
-522	124214.0	124735.0
-521	124245.0	124574.0
-520	124234.0	124701.0
-519	124213.0	124667.0
-518	124196.0	124512.0
-517	124218.0	124586.0
-516	124126.0	124558.0
-515	124073.0	124598.0
-514	124054.0	124509.0
-513	124023.0	124652.0
-512	124096.0	124561.0
-511	123994.0	124567.0
-510	124107.0	124695.0
-509	124085.0	124586.0
-508	124096.0	124682.0
-507	124104.0	124625.0
-506	124048.0	124675.0
-505	124084.0	124569.0
-504	124101.0	124713.0
-503	124021.0	124611.0
-502	124000.0	124757.0
-501	124001.0	124691.0
-500	124055.0	124609.0
-499	124034.0	124666.0
-498	124064.0	124622.0
-497	123981.0	124637.0
-496	124011.0	124698.0
-495	124127.0	124687.0
-494	124120.0	124749.0
-493	124006.0	124628.0
-492	124016.0	124778.0
-491	124153.0	124659.0
-490	124032.0	124827.0
-489	124035.0	124809.0
-488	124069.0	124797.0
-487	124136.0	124728.0
-486	124070.0	124786.0
-485	123986.0	124788.0
-484	124039.0	124718.0
-483	124044.0	124801.0
-482	124039.0	124798.0
-481	124072.0	124700.0
-480	124161.0	124670.0
-479	124225.0	124705.0
-478	124125.0	124765.0
-477	124148.0	124808.0
-476	124069.0	124737.0
-475	124186.0	124747.0
-474	124108.0	124662.0
-473	124233.0	124802.0
-472	124159.0	124853.0
-471	124273.0	124854.0
-470	124238.0	124750.0
-469	124231.0	124737.0
-468	124207.0	124828.0
-467	124202.0	124784.0
-466	124280.0	124732.0
-465	124320.0	124782.0
-464	124229.0	124706.0
-463	124341.0	124719.0
-462	124274.0	124708.0
-461	124335.0	124762.0
-460	124425.0	124791.0
-459	124377.0	124804.0
-458	124405.0	124697.0
-457	124423.0	124727.0
-456	124451.0	124776.0
-455	124322.0	124684.0
-454	124474.0	124717.0
-453	124499.0	124706.0
-452	124561.0	124618.0
-451	124457.0	124660.0
-450	124420.0	124732.0
-449	124544.0	124695.0
-448	124473.0	124765.0
-447	124479.0	124682.0
-446	124565.0	124629.0
-445	124629.0	124696.0
-444	124580.0	124656.0
-443	124595.0	124632.0
-442	124610.0	124617.0
-441	124661.0	124657.0
-440	124620.0	124646.0
-439	124751.0	124609.0
-438	124741.0	124606.0
-437	124708.0	124632.0
-436	124716.0	124579.0
-435	124813.0	124588.0
-434	124757.0	124587.0
-433	124837.0	124506.0
-432	124811.0	124526.0
-431	124922.0	124488.0
-430	124812.0	124599.0
-429	124847.0	124480.0
-428	124842.0	124491.0
-427	124875.0	124440.0
-426	124904.0	124480.0
-425	124910.0	124455.0
-424	124818.0	124492.0
-423	124916.0	124459.0
-422	124946.0	124446.0
-421	124979.0	124484.0
-420	124881.0	124508.0
-419	124923.0	124396.0
-418	124872.0	124516.0
-417	124895.0	124428.0
-416	125006.0	124412.0
-415	124978.0	124426.0
-414	124904.0	124385.0
-413	124978.0	124300.0
-412	125036.0	124434.0
-411	125012.0	124344.0
-410	125141.0	124248.0
-409	125043.0	124304.0
-408	125042.0	124463.0
-407	125133.0	124247.0
-406	125126.0	124225.0
-405	125189.0	124328.0
-404	125102.0	124226.0
-403	125133.0	124277.0
-402	125141.0	124249.0
-401	125168.0	124233.0
-400	125188.0	124233.0
-399	125258.0	124179.0
-398	125192.0	124154.0
-397	125205.0	124152.0
-396	125250.0	124244.0
-395	125188.0	124214.0
-394	125228.0	124152.0
-393	125350.0	124217.0
-392	125316.0	124198.0
-391	125224.0	124174.0
-390	125240.0	124095.0
-389	125280.0	124062.0
-388	125219.0	124160.0
-387	125299.0	124097.0
-386	125354.0	124097.0
-385	125426.0	124175.0
-384	125300.0	124013.0
-383	125386.0	123987.0
-382	125418.0	124007.0
-381	125401.0	124050.0
-380	125259.0	124059.0
-379	125343.0	123946.0
-378	125424.0	123956.0
-377	125316.0	123902.0
-376	125347.0	123882.0
-375	125384.0	123932.0
-374	125397.0	123933.0
-373	125405.0	123880.0
-372	125478.0	123905.0
-371	125339.0	123899.0
-370	125398.0	123846.0
-369	125521.0	123845.0
-368	125346.0	123841.0
-367	125427.0	123750.0
-366	125449.0	123817.0
-365	125450.0	123803.0
-364	125351.0	123888.0
-363	125537.0	123789.0
-362	125468.0	123747.0
-361	125512.0	123806.0
-360	125556.0	123766.0
-359	125460.0	123734.0
-358	125583.0	123740.0
-357	125589.0	123826.0
-356	125683.0	123696.0
-355	125599.0	123723.0
-354	125506.0	123685.0
-353	125630.0	123689.0
-352	125642.0	123687.0
-351	125627.0	123828.0
-350	125669.0	123748.0
-349	125580.0	123804.0
-348	125740.0	123820.0
-347	125711.0	123835.0
-346	125703.0	123774.0
-345	125733.0	123792.0
-344	125636.0	123783.0
-343	125782.0	123861.0
-342	125840.0	123860.0
-341	125823.0	123791.0
-340	125863.0	123929.0
-339	125829.0	123801.0
-338	125820.0	123746.0
-337	125787.0	123734.0
-336	125880.0	123845.0
-335	125911.0	123780.0
-334	125749.0	123814.0
-333	125765.0	123877.0
-332	125726.0	123804.0
-331	125803.0	123811.0
-330	125848.0	123824.0
-329	125840.0	123891.0
-328	125938.0	123932.0
-327	125877.0	123958.0
-326	125930.0	123884.0
-325	125899.0	123946.0
-324	125981.0	123924.0
-323	125992.0	123892.0
-322	126003.0	123949.0
-321	126055.0	124037.0
-320	126059.0	123983.0
-319	126060.0	123937.0
-318	126074.0	124028.0
-317	126093.0	124055.0
-316	126030.0	124037.0
-315	126079.0	124094.0
-314	126024.0	124031.0
-313	126021.0	124185.0
-312	126075.0	123977.0
-311	126081.0	124016.0
-310	126044.0	124188.0
-309	126179.0	124114.0
-308	126232.0	124123.0
-307	126217.0	124254.0
-306	126245.0	124236.0
-305	126270.0	124128.0
-304	126224.0	124274.0
-303	126331.0	124237.0
-302	126269.0	124125.0
-301	126295.0	124256.0
-300	126424.0	124277.0
-299	126393.0	124358.0
-298	126329.0	124278.0
-297	126432.0	124377.0
-296	126424.0	124272.0
-295	126393.0	124326.0
-294	126455.0	124350.0
-293	126410.0	124348.0
-292	126513.0	124446.0
-291	126539.0	124303.0
-290	126394.0	124504.0
-289	126431.0	124510.0
-288	126469.0	124564.0
-287	126464.0	124495.0
-286	126558.0	124418.0
-285	126574.0	124489.0
-284	126530.0	124572.0
-283	126673.0	124547.0
-282	126637.0	124547.0
-281	126590.0	124547.0
-280	126592.0	124506.0
-279	126631.0	124622.0
-278	126593.0	124610.0
-277	126637.0	124567.0
-276	126651.0	124725.0
-275	126687.0	124639.0
-274	126656.0	124535.0
-273	126768.0	124635.0
-272	126715.0	124641.0
-271	126659.0	124666.0
-270	126806.0	124748.0
-269	126716.0	124758.0
-268	126763.0	124744.0
-267	126713.0	124630.0
-266	126718.0	124729.0
-265	126852.0	124796.0
-264	126758.0	124835.0
-263	126799.0	124779.0
-262	126810.0	124855.0
-261	126828.0	124840.0
-260	126641.0	124903.0
-259	126759.0	124813.0
-258	126724.0	124922.0
-257	126799.0	124792.0
-256	126827.0	125051.0
-255	126849.0	124839.0
-254	126956.0	124884.0
-253	126894.0	124917.0
-252	126831.0	124976.0
-251	126962.0	125022.0
-250	126923.0	124951.0
-249	126930.0	125038.0
-248	126895.0	125033.0
-247	126935.0	124959.0
-246	127057.0	125180.0
-245	126958.0	124985.0
-244	126987.0	125099.0
-243	126959.0	125083.0
-242	127058.0	125013.0
-241	126932.0	125026.0
-240	127008.0	125082.0
-239	127070.0	125126.0
-238	127071.0	125135.0
-237	127067.0	125079.0
-236	126961.0	125051.0
-235	127035.0	125110.0
-234	127153.0	125112.0
-233	127028.0	125071.0
-232	127121.0	125115.0
-231	127117.0	125141.0
-230	127172.0	125188.0
-229	127123.0	125128.0
-228	127185.0	125206.0
-227	127181.0	125228.0
-226	127147.0	125270.0
-225	127195.0	125259.0
-224	127202.0	125272.0
-223	127093.0	125377.0
-222	127145.0	125261.0
-221	127166.0	125248.0
-220	127247.0	125155.0
-219	127210.0	125294.0
-218	127239.0	125275.0
-217	127178.0	125395.0
-216	127269.0	125227.0
-215	127312.0	125263.0
-214	127228.0	125334.0
-213	127257.0	125424.0
-212	127329.0	125399.0
-211	127250.0	125363.0
-210	127340.0	125400.0
-209	127309.0	125498.0
-208	127498.0	125421.0
-207	127478.0	125426.0
-206	127369.0	125397.0
-205	127477.0	125444.0
-204	127479.0	125584.0
-203	127485.0	125516.0
-202	127498.0	125559.0
-201	127642.0	125450.0
-200	127742.0	125526.0
-199	127681.0	125520.0
-198	127654.0	125514.0
-197	127683.0	125451.0
-196	127667.0	125508.0
-195	127871.0	125534.0
-194	127816.0	125451.0
-193	127827.0	125501.0
-192	127859.0	125633.0
-191	127816.0	125552.0
-190	127868.0	125702.0
-189	128003.0	125639.0
-188	127987.0	125659.0
-187	128024.0	125723.0
-186	128027.0	125776.0
-185	128020.0	125739.0
-184	128029.0	125661.0
-183	128038.0	125781.0
-182	128081.0	125778.0
-181	128091.0	125672.0
-180	128162.0	125752.0
-179	128099.0	125824.0
-178	128186.0	125792.0
-177	128230.0	125882.0
-176	128136.0	125811.0
-175	128175.0	125812.0
-174	128220.0	125785.0
-173	128188.0	125784.0
-172	128249.0	125893.0
-171	128272.0	125814.0
-170	128403.0	125935.0
-169	128415.0	125967.0
-168	128354.0	126000.0
-167	128380.0	126018.0
-166	128476.0	126003.0
-165	128514.0	126031.0
-164	128455.0	126093.0
-163	128488.0	126019.0
-162	128505.0	126098.0
-161	128536.0	126129.0
-160	128569.0	126055.0
-159	128676.0	125994.0
-158	128617.0	126150.0
-157	128591.0	126120.0
-156	128640.0	126217.0
-155	128772.0	126134.0
-154	128698.0	126199.0
-153	128797.0	126234.0
-152	128857.0	126302.0
-151	128884.0	126298.0
-150	128930.0	126322.0
-149	128965.0	126291.0
-148	128930.0	126439.0
-147	128952.0	126292.0
-146	128927.0	126302.0
-145	129005.0	126389.0
-144	129101.0	126335.0
-143	129090.0	126381.0
-142	129098.0	126464.0
-141	129164.0	126490.0
-140	129162.0	126447.0
-139	129282.0	126492.0
-138	129276.0	126456.0
-137	129302.0	126566.0
-136	129346.0	126490.0
-135	129438.0	126570.0
-134	129464.0	126436.0
-133	129493.0	126496.0
-132	129632.0	126472.0
-131	129626.0	126569.0
-130	129671.0	126529.0
-129	129740.0	126550.0
-128	129883.0	126594.0
-127	129953.0	126568.0
-126	130034.0	126624.0
-125	130078.0	126654.0
-124	130204.0	126623.0
-123	130269.0	126673.0
-122	130367.0	126680.0
-121	130386.0	126692.0
-120	130538.0	126614.0
-119	130669.0	126695.0
-118	130652.0	126650.0
-117	130818.0	126723.0
-116	130901.0	126727.0
-115	130923.0	126666.0
-114	131114.0	126783.0
-113	131263.0	126526.0
-112	131394.0	126661.0
-111	131537.0	126801.0
-110	131442.0	126693.0
-109	131718.0	126780.0
-108	131768.0	126850.0
-107	131910.0	126698.0
-106	132110.0	126837.0
-105	132250.0	126790.0
-104	132229.0	126828.0
-103	132382.0	126786.0
-102	132505.0	126873.0
-101	132651.0	126912.0
-100	132778.0	126929.0
-99	132975.0	126960.0
-98	133172.0	126919.0
-97	133181.0	126978.0
-96	133444.0	126969.0
-95	133507.0	126995.0
-94	133533.0	126954.0
-93	133808.0	127021.0
-92	133924.0	126972.0
-91	134094.0	127000.0
-90	134208.0	126979.0
-89	134420.0	127100.0
-88	134499.0	127072.0
-87	134635.0	126983.0
-86	134817.0	127133.0
-85	134973.0	127065.0
-84	135134.0	127035.0
-83	135347.0	127160.0
-82	135471.0	126989.0
-81	135707.0	127186.0
-80	135794.0	127061.0
-79	135904.0	127190.0
-78	136312.0	127246.0
-77	136377.0	127128.0
-76	136582.0	127222.0
-75	136833.0	127276.0
-74	136855.0	127254.0
-73	137117.0	127232.0
-72	137300.0	127329.0
-71	137422.0	127301.0
-70	137539.0	127325.0
-69	137918.0	127391.0
-68	137970.0	127248.0
-67	138143.0	127381.0
-66	138295.0	127441.0
-65	138536.0	127377.0
-64	138654.0	127437.0
-63	139010.0	127493.0
-62	139108.0	127510.0
-61	139232.0	127577.0
-60	139488.0	127640.0
-59	139686.0	127558.0
-58	139955.0	127673.0
-57	140113.0	127672.0
-56	140335.0	127712.0
-55	140489.0	127795.0
-54	140800.0	127595.0
-53	140970.0	127778.0
-52	141204.0	127845.0
-51	141488.0	127782.0
-50	141591.0	127844.0
-49	141768.0	127805.0
-48	142044.0	128013.0
-47	142207.0	127988.0
-46	142450.0	127957.0
-45	142771.0	127968.0
-44	143044.0	128031.0
-43	143184.0	127987.0
-42	143434.0	128105.0
-41	143560.0	128063.0
-40	143830.0	128098.0
-39	144130.0	128150.0
-38	144311.0	128085.0
-37	144518.0	128186.0
-36	144697.0	128249.0
-35	144948.0	128178.0
-34	145212.0	128140.0
-33	145503.0	128240.0
-32	145714.0	128231.0
-31	145890.0	128292.0
-30	146246.0	128315.0
-29	146395.0	128311.0
-28	146615.0	128407.0
-27	146833.0	128533.0
-26	147094.0	128405.0
-25	147280.0	128509.0
-24	147633.0	128490.0
-23	147657.0	128608.0
-22	147962.0	128546.0
-21	148342.0	128557.0
-20	148680.0	128592.0
-19	148824.0	128522.0
-18	149045.0	128749.0
-17	149265.0	128724.0
-16	149498.0	128795.0
-15	149754.0	128901.0
-14	149878.0	128871.0
-13	150103.0	128829.0
-12	150388.0	128856.0
-11	150457.0	128916.0
-10	150661.0	128934.0
-9	150740.0	129038.0
-8	150968.0	129074.0
-7	151322.0	129112.0
-6	151497.0	129080.0
-5	151986.0	129089.0
-4	152057.0	129001.0
-3	152299.0	129217.0
-2	152668.0	129037.0
-1	152672.0	129361.0
0	3594.0	128399.0
1	152237.0	129652.0
2	152436.0	128872.0
3	151906.0	129888.0
4	151822.0	129083.0
5	151565.0	129290.0
6	151198.0	129523.0
7	150929.0	129224.0
8	150434.0	129789.0
9	150422.0	129256.0
10	150194.0	129159.0
11	150091.0	129278.0
12	149908.0	129324.0
13	149639.0	129411.0
14	149506.0	129390.0
15	149259.0	129608.0
16	148987.0	129622.0
17	148836.0	129796.0
18	148526.0	129908.0
19	148330.0	129894.0
20	147908.0	130176.0
21	147756.0	130187.0
22	147500.0	130230.0
23	147216.0	130323.0
24	147029.0	130370.0
25	146795.0	130432.0
26	146617.0	130470.0
27	146271.0	130658.0
28	146009.0	130638.0
29	145843.0	130616.0
30	145589.0	130909.0
31	145307.0	130873.0
32	145118.0	131121.0
33	144997.0	131320.0
34	144655.0	131409.0
35	144425.0	131560.0
36	144299.0	131761.0
37	143985.0	131779.0
38	143798.0	131939.0
39	143623.0	131989.0
40	143471.0	132180.0
41	143063.0	132182.0
42	142951.0	132373.0
43	142651.0	132457.0
44	142320.0	132583.0
45	142208.0	132834.0
46	141924.0	132929.0
47	141787.0	132962.0
48	141624.0	133379.0
49	141330.0	133403.0
50	141101.0	133540.0
51	140979.0	133618.0
52	140727.0	133851.0
53	140487.0	133933.0
54	140318.0	134072.0
55	140136.0	134321.0
56	139926.0	134352.0
57	139733.0	134569.0
58	139487.0	134619.0
59	139343.0	134888.0
60	139101.0	135016.0
61	138844.0	135173.0
62	138695.0	135182.0
63	138436.0	135420.0
64	138372.0	135577.0
65	138075.0	135643.0
66	137972.0	135823.0
67	137650.0	136014.0
68	137502.0	136119.0
69	137314.0	136339.0
70	137079.0	136493.0
71	136996.0	136661.0
72	136841.0	136871.0
73	136665.0	136930.0
74	136506.0	137230.0
75	136350.0	137371.0
76	136085.0	137486.0
77	135992.0	137602.0
78	135789.0	137887.0
79	135602.0	137946.0
80	135401.0	138174.0
81	135305.0	138257.0
82	135158.0	138503.0
83	134921.0	138630.0
84	134818.0	138909.0
85	134661.0	138959.0
86	134463.0	139237.0
87	134430.0	139447.0
88	134151.0	139627.0
89	134023.0	139855.0
90	133923.0	139991.0
91	133656.0	140276.0
92	133507.0	140384.0
93	133408.0	140643.0
94	133102.0	140740.0
95	132894.0	140878.0
96	132903.0	141137.0
97	132790.0	141444.0
98	132585.0	141642.0
99	132578.0	141724.0
100	132280.0	141909.0
101	132144.0	142159.0
102	132113.0	142481.0
103	131976.0	142576.0
104	131771.0	142798.0
105	131687.0	142998.0
106	131519.0	143153.0
107	131400.0	143455.0
108	131289.0	143737.0
109	131071.0	143900.0
110	131073.0	144138.0
111	130946.0	144311.0
112	130603.0	144520.0
113	130563.0	144674.0
114	130606.0	144977.0
115	130426.0	145128.0
116	130316.0	145391.0
117	130263.0	145668.0
118	129977.0	145739.0
119	130001.0	146012.0
120	129816.0	146188.0
121	129813.0	146349.0
122	129760.0	146547.0
123	129650.0	146905.0
124	129608.0	147187.0
125	129501.0	147387.0
126	129397.0	147501.0
127	129377.0	147783.0
128	129293.0	148086.0
129	129038.0	148288.0
130	129168.0	148496.0
131	129079.0	148795.0
132	128884.0	148906.0
133	128904.0	149089.0
134	128711.0	149292.0
135	128821.0	149422.0
136	128700.0	149634.0
137	128574.0	149727.0
138	128624.0	149997.0
139	128491.0	150189.0
140	128555.0	150261.0
141	128518.0	150365.0
142	128416.0	150438.0
143	128487.0	150608.0
144	128419.0	150754.0
145	128292.0	150731.0
146	128334.0	150924.0
147	128371.0	150869.0
148	128171.0	150856.0
149	128267.0	150843.0
150	128237.0	150956.0
151	128117.0	150827.0
152	128136.0	150762.0
153	128268.0	150770.0
154	128222.0	150704.0
155	128105.0	150439.0
156	128130.0	150340.0
157	128085.0	150288.0
158	127983.0	150093.0
159	128079.0	149941.0
160	127976.0	149722.0
161	128007.0	149456.0
162	127952.0	149343.0
163	127865.0	149108.0
164	127869.0	148893.0
165	127940.0	148655.0
166	127871.0	148485.0
167	127745.0	148148.0
168	127820.0	147958.0
169	127719.0	147746.0
170	127697.0	147474.0
171	127706.0	147195.0
172	127677.0	147027.0
173	127632.0	146795.0
174	127701.0	146529.0
175	127531.0	146265.0
176	127526.0	146059.0
177	127577.0	145891.0
178	127564.0	145634.0
179	127461.0	145363.0
180	127607.0	145164.0
181	127472.0	144845.0
182	127527.0	144752.0
183	127514.0	144502.0
184	127385.0	144268.0
185	127383.0	144045.0
186	127417.0	143790.0
187	127350.0	143604.0
188	127275.0	143306.0
189	127381.0	143120.0
190	127324.0	142892.0
191	127276.0	142623.0
192	127261.0	142507.0
193	127351.0	142133.0
194	127267.0	141963.0
195	127207.0	141803.0
196	127222.0	141472.0
197	127164.0	141370.0
198	127199.0	141008.0
199	127217.0	140817.0
200	127118.0	140653.0
201	127148.0	140352.0
202	127091.0	140151.0
203	127029.0	139982.0
204	126987.0	139747.0
205	127001.0	139490.0
206	126964.0	139376.0
207	126988.0	139102.0
208	126914.0	138941.0
209	126943.0	138793.0
210	126864.0	138579.0
211	126838.0	138389.0
212	126896.0	138167.0
213	126912.0	137901.0
214	126816.0	137761.0
215	126767.0	137641.0
216	126762.0	137434.0
217	126697.0	137215.0
218	126793.0	136897.0
219	126764.0	136934.0
220	126751.0	136570.0
221	126673.0	136551.0
222	126737.0	136233.0
223	126760.0	136016.0
224	126606.0	135938.0
225	126670.0	135739.0
226	126640.0	135642.0
227	126613.0	135421.0
228	126591.0	135112.0
229	126697.0	135065.0
230	126634.0	134811.0
231	126708.0	134653.0
232	126704.0	134495.0
233	126632.0	134353.0
234	126603.0	134254.0
235	126584.0	134175.0
236	126647.0	133956.0
237	126638.0	133778.0
238	126592.0	133677.0
239	126565.0	133515.0
240	126578.0	133290.0
241	126554.0	133119.0
242	126635.0	132974.0
243	126557.0	132899.0
244	126464.0	132548.0
245	126491.0	132522.0
246	126576.0	132313.0
247	126503.0	132257.0
248	126543.0	132126.0
249	126405.0	131965.0
250	126472.0	131845.0
251	126412.0	131723.0
252	126471.0	131608.0
253	126367.0	131504.0
254	126391.0	131343.0
255	126357.0	131236.0
256	126342.0	131017.0
257	126319.0	130955.0
258	126328.0	130987.0
259	126303.0	130737.0
260	126352.0	130556.0
261	126301.0	130548.0
262	126318.0	130386.0
263	126365.0	130319.0
264	126455.0	130135.0
265	126263.0	130140.0
266	126352.0	129934.0
267	126389.0	129923.0
268	126406.0	129765.0
269	126294.0	129728.0
270	126348.0	129642.0
271	126286.0	129579.0
272	126298.0	129377.0
273	126360.0	129378.0
274	126320.0	129254.0
275	126314.0	129123.0
276	126195.0	129210.0
277	126211.0	128985.0
278	126150.0	129041.0
279	126270.0	128861.0
280	126169.0	128825.0
281	126257.0	128731.0
282	126220.0	128759.0
283	126077.0	128606.0
284	126082.0	128735.0
285	126187.0	128501.0
286	126220.0	128450.0
287	126084.0	128354.0
288	126117.0	128393.0
289	126076.0	128356.0
290	126037.0	128233.0
291	126132.0	128203.0
292	126016.0	128147.0
293	126034.0	128225.0
294	126097.0	128185.0
295	126023.0	128051.0
296	126013.0	128124.0
297	125986.0	128145.0
298	126020.0	127954.0
299	126021.0	127956.0
300	125986.0	127901.0
301	125917.0	127952.0
302	125827.0	127852.0
303	125894.0	127884.0
304	125890.0	127752.0
305	125997.0	127728.0
306	125957.0	127819.0
307	125861.0	127650.0
308	125807.0	127806.0
309	125808.0	127739.0
310	125818.0	127710.0
311	125868.0	127640.0
312	125792.0	127780.0
313	125707.0	127662.0
314	125822.0	127565.0
315	125713.0	127579.0
316	125799.0	127606.0
317	125712.0	127513.0
318	125668.0	127577.0
319	125677.0	127557.0
320	125663.0	127652.0
321	125723.0	127529.0
322	125673.0	127433.0
323	125635.0	127533.0
324	125605.0	127506.0
325	125630.0	127521.0
326	125568.0	127458.0
327	125596.0	127457.0
328	125551.0	127329.0
329	125653.0	127454.0
330	125705.0	127335.0
331	125626.0	127373.0
332	125499.0	127471.0
333	125582.0	127436.0
334	125529.0	127342.0
335	125493.0	127345.0
336	125539.0	127363.0
337	125467.0	127288.0
338	125543.0	127283.0
339	125426.0	127193.0
340	125389.0	127270.0
341	125429.0	127319.0
342	125386.0	127215.0
343	125421.0	127217.0
344	125354.0	127130.0
345	125467.0	127057.0
346	125361.0	127078.0
347	125258.0	127032.0
348	125391.0	127138.0
349	125396.0	127070.0
350	125404.0	126976.0
351	125385.0	127016.0
352	125342.0	126962.0
353	125328.0	126950.0
354	125293.0	127048.0
355	125318.0	126863.0
356	125315.0	127003.0
357	125281.0	126940.0
358	125252.0	126985.0
359	125129.0	126757.0
360	125306.0	126922.0
361	125151.0	126781.0
362	125291.0	126859.0
363	125222.0	126771.0
364	125237.0	126765.0
365	125224.0	126772.0
366	125198.0	126717.0
367	125130.0	126689.0
368	125152.0	126675.0
369	125082.0	126589.0
370	125084.0	126696.0
371	125128.0	126639.0
372	125083.0	126667.0
373	125131.0	126621.0
374	125003.0	126672.0
375	125061.0	126629.0
376	124969.0	126650.0
377	125013.0	126648.0
378	125032.0	126614.0
379	124988.0	126577.0
380	124992.0	126782.0
381	125000.0	126636.0
382	125015.0	126667.0
383	124918.0	126557.0
384	125013.0	126584.0
385	125008.0	126580.0
386	124864.0	126625.0
387	124899.0	126541.0
388	124852.0	126584.0
389	124890.0	126505.0
390	124943.0	126624.0
391	124869.0	126479.0
392	124913.0	126600.0
393	124838.0	126587.0
394	124857.0	126517.0
395	124921.0	126592.0
396	124854.0	126588.0
397	124887.0	126401.0
398	124793.0	126587.0
399	124830.0	126566.0
400	124841.0	126511.0
401	124902.0	126633.0
402	124826.0	126538.0
403	124901.0	126469.0
404	124810.0	126562.0
405	124829.0	126543.0
406	124761.0	126473.0
407	124748.0	126499.0
408	124577.0	126501.0
409	124697.0	126441.0
410	124720.0	126446.0
411	124715.0	126344.0
412	124594.0	126425.0
413	124522.0	126474.0
414	124568.0	126451.0
415	124531.0	126402.0
416	124532.0	126477.0
417	124484.0	126448.0
418	124568.0	126416.0
419	124426.0	126310.0
420	124542.0	126391.0
421	124477.0	126433.0
422	124489.0	126445.0
423	124408.0	126347.0
424	124429.0	126325.0
425	124356.0	126336.0
426	124454.0	126323.0
427	124372.0	126294.0
428	124367.0	126338.0
429	124325.0	126377.0
430	124313.0	126351.0
431	124261.0	126286.0
432	124238.0	126282.0
433	124242.0	126267.0
434	124243.0	126261.0
435	124398.0	126275.0
436	124153.0	126259.0
437	124194.0	126337.0
438	124238.0	126334.0
439	124282.0	126221.0
440	124249.0	126204.0
441	124327.0	126159.0
442	124145.0	126175.0
443	124159.0	126179.0
444	124144.0	126167.0
445	124087.0	126159.0
446	124016.0	126214.0
447	124117.0	126157.0
448	124037.0	126078.0
449	124073.0	126112.0
450	123946.0	126094.0
451	123967.0	126085.0
452	123949.0	125972.0
453	123982.0	126009.0
454	123993.0	126051.0
455	123900.0	126025.0
456	123979.0	126002.0
457	123910.0	125990.0
458	123825.0	125898.0
459	123899.0	125939.0
460	123871.0	125907.0
461	123822.0	125865.0
462	123861.0	125915.0
463	123832.0	125795.0
464	123813.0	125802.0
465	123900.0	125881.0
466	123727.0	125800.0
467	123701.0	125906.0
468	123719.0	125778.0
469	123782.0	125710.0
470	123705.0	125713.0
471	123763.0	125800.0
472	123695.0	125596.0
473	123707.0	125643.0
474	123672.0	125766.0
475	123614.0	125638.0
476	123685.0	125702.0
477	123623.0	125616.0
478	123612.0	125641.0
479	123677.0	125664.0
480	123682.0	125600.0
481	123543.0	125573.0
482	123572.0	125671.0
483	123567.0	125706.0
484	123497.0	125669.0
485	123449.0	125570.0
486	123612.0	125626.0
487	123551.0	125669.0
488	123623.0	125533.0
489	123480.0	125563.0
490	123527.0	125537.0
491	123448.0	125555.0
492	123508.0	125480.0
493	123503.0	125548.0
494	123487.0	125358.0
495	123501.0	125502.0
496	123460.0	125392.0
497	123404.0	125445.0
498	123579.0	125383.0
499	123500.0	125468.0
500	123477.0	125434.0
501	123453.0	125469.0
502	123516.0	125424.0
503	123452.0	125416.0
504	123541.0	125466.0
505	123502.0	125438.0
506	123458.0	125390.0
507	123564.0	125412.0
508	123548.0	125367.0
509	123573.0	125391.0
510	123539.0	125395.0
511	123543.0	125378.0
512	123535.0	125273.0
513	123545.0	125281.0
514	123582.0	125279.0
515	123596.0	125272.0
516	123671.0	125241.0
517	123601.0	125293.0
518	123662.0	125215.0
519	123620.0	125313.0
520	123557.0	125189.0
521	123638.0	125185.0
522	123678.0	125272.0
523	123688.0	125177.0
524	123600.0	125081.0
525	123780.0	125194.0
526	123729.0	125165.0
527	123688.0	125174.0
528	123728.0	125164.0
529	123667.0	125159.0
530	123685.0	125155.0
531	123789.0	125141.0
532	123815.0	125131.0
533	123734.0	125053.0
534	123783.0	125090.0
535	123832.0	125079.0
536	123831.0	125100.0
537	123861.0	125058.0
538	123778.0	125086.0
539	123879.0	125084.0
540	123842.0	125073.0
541	123880.0	125090.0
542	124006.0	125040.0
543	123993.0	125003.0
544	123893.0	125013.0
545	123927.0	124973.0
546	123919.0	125090.0
547	124024.0	124996.0
548	123972.0	124975.0
549	124019.0	125042.0
550	123905.0	125019.0
551	124066.0	124926.0
552	123971.0	125020.0
553	124142.0	124957.0
554	124075.0	124985.0
555	124041.0	124987.0
556	124118.0	124907.0
557	124058.0	124901.0
558	124230.0	124945.0
559	124014.0	124932.0
560	123967.0	124933.0
561	124150.0	124978.0
562	124136.0	124875.0
563	124008.0	124822.0
564	124167.0	124848.0
565	124184.0	124791.0
566	124176.0	124807.0
567	124311.0	124821.0
568	124191.0	124766.0
569	124211.0	124634.0
570	124182.0	124840.0
571	124168.0	124659.0
572	124148.0	124683.0
573	124242.0	124615.0
574	124224.0	124743.0
575	124286.0	124613.0
576	124345.0	124636.0
577	124258.0	124607.0
578	124302.0	124606.0
579	124336.0	124591.0
580	124282.0	124597.0
581	124299.0	124534.0
582	124237.0	124608.0
583	124311.0	124462.0
584	124355.0	124517.0
585	124365.0	124479.0
586	124328.0	124490.0
587	124371.0	124474.0
588	124423.0	124400.0
589	124425.0	124495.0
590	124387.0	124437.0
591	124416.0	124426.0
592	124355.0	124406.0
593	124412.0	124380.0
594	124449.0	124475.0
595	124466.0	124444.0
596	124431.0	124261.0
597	124515.0	124342.0
598	124428.0	124259.0
599	124531.0	124320.0
600	124516.0	124241.0
601	124428.0	124253.0
602	124444.0	124226.0
603	124480.0	124212.0
604	124606.0	124272.0
605	124330.0	124208.0
606	124484.0	124228.0
607	124546.0	124057.0
608	124412.0	124052.0
609	124486.0	124118.0
610	124551.0	124075.0
611	124569.0	123940.0
612	124607.0	124126.0
613	124461.0	124031.0
614	124504.0	124055.0
615	124544.0	124036.0
616	124545.0	124035.0
617	124464.0	124044.0
618	124572.0	124026.0
619	124466.0	124058.0
620	124370.0	123974.0
621	124508.0	124051.0
622	124511.0	123874.0
623	124472.0	123966.0
624	124468.0	123949.0
625	124345.0	123930.0
626	124413.0	123871.0
627	124536.0	123842.0
628	124371.0	123913.0
629	124486.0	123732.0
630	124498.0	123733.0
631	124458.0	123828.0
632	124415.0	123805.0
633	124406.0	123768.0
634	124310.0	123804.0
635	124416.0	123810.0
636	124313.0	123854.0
637	124402.0	123735.0
638	124239.0	123732.0
639	124389.0	123795.0
640	124306.0	123815.0
641	124334.0	123876.0
642	124434.0	123834.0
643	124341.0	123717.0
644	124299.0	123861.0
645	124291.0	123749.0
646	124307.0	123612.0
647	124247.0	123785.0
648	124259.0	123777.0
649	124279.0	123697.0
650	124264.0	123837.0
651	124324.0	123844.0
652	124375.0	123834.0
653	124211.0	123724.0
654	124175.0	123741.0
655	124230.0	123791.0
656	124242.0	123832.0
657	124154.0	123882.0
658	124298.0	123725.0
659	124190.0	123818.0
660	124181.0	123831.0
661	124223.0	123892.0
662	124194.0	123786.0
663	124238.0	123890.0
664	124304.0	123882.0
665	124250.0	123772.0
666	124217.0	123934.0
667	124167.0	123912.0
668	124179.0	123869.0
669	124171.0	123857.0
670	124275.0	123881.0
671	124127.0	124017.0
672	124069.0	123880.0
673	124097.0	123966.0
674	124065.0	123986.0
675	124161.0	124052.0
676	124011.0	124039.0
677	124062.0	124075.0
678	124079.0	124085.0
679	124159.0	123997.0
680	124105.0	124063.0
681	124173.0	124053.0
682	123957.0	124123.0
683	124116.0	124139.0
684	124031.0	124134.0
685	124048.0	124097.0
686	124021.0	124134.0
687	124029.0	124050.0
688	124009.0	124129.0
689	123958.0	124307.0
690	124047.0	124239.0
691	123963.0	124272.0
692	123945.0	124212.0
693	123927.0	124274.0
694	123840.0	124282.0
695	123902.0	124231.0
696	123948.0	124265.0
697	123918.0	124340.0
698	124035.0	124311.0
699	123979.0	124246.0
700	123943.0	124256.0
701	123994.0	124340.0
702	123963.0	124383.0
703	123923.0	124278.0
704	123904.0	124341.0
705	123874.0	124340.0
706	123910.0	124411.0
707	123891.0	124314.0
708	123940.0	124336.0
709	123878.0	124346.0
710	123880.0	124513.0
711	123767.0	124393.0
712	123796.0	124401.0
713	123869.0	124471.0
714	123928.0	124390.0
715	123907.0	124428.0
716	123713.0	124476.0
717	123872.0	124433.0
718	123838.0	124404.0
719	123784.0	124562.0
720	123747.0	124590.0
721	123782.0	124535.0
722	123636.0	124573.0
723	123787.0	124560.0
724	123579.0	124556.0
725	123643.0	124567.0
726	123623.0	124699.0
727	123699.0	124636.0
728	123648.0	124579.0
729	123642.0	124735.0
730	123639.0	124693.0
731	123631.0	124605.0
732	123607.0	124664.0
733	123642.0	124683.0
734	123553.0	124789.0
735	123655.0	124771.0
736	123542.0	124767.0
737	123420.0	124737.0
738	123587.0	124734.0
739	123500.0	124774.0
740	123549.0	124816.0
741	123437.0	124802.0
742	123479.0	124848.0
743	123313.0	124753.0
744	123596.0	124813.0
745	123461.0	124811.0
746	123508.0	124806.0
747	123539.0	124786.0
748	123537.0	124790.0
749	123596.0	124804.0
750	123493.0	124929.0
751	123539.0	124857.0
752	123515.0	124772.0
753	123545.0	124779.0
754	123560.0	124730.0
755	123441.0	124855.0
756	123507.0	124815.0
757	123520.0	124879.0
758	123592.0	124804.0
759	123567.0	124851.0
760	123545.0	124866.0
761	123540.0	124873.0
762	123508.0	124839.0
763	123526.0	124742.0
764	123468.0	124825.0
765	123538.0	124850.0
766	123562.0	124867.0
767	123560.0	124702.0
768	123646.0	124797.0
769	123556.0	124752.0
770	123552.0	124862.0
771	123617.0	124760.0
772	123606.0	124739.0
773	123662.0	124711.0
774	123672.0	124745.0
775	123715.0	124727.0
776	123688.0	124737.0
777	123718.0	124686.0
778	123699.0	124746.0
779	123721.0	124792.0
780	123766.0	124753.0
781	123668.0	124758.0
782	123743.0	124799.0
783	123756.0	124678.0
784	123747.0	124669.0
785	123709.0	124671.0
786	123685.0	124687.0
787	123659.0	124645.0
788	123682.0	124583.0
789	123761.0	124681.0
790	123784.0	124640.0
791	123751.0	124690.0
792	123723.0	124665.0
793	123798.0	124615.0
794	123803.0	124620.0
795	123858.0	124627.0
796	123820.0	124550.0
797	123801.0	124632.0
798	123797.0	124627.0
799	123885.0	124544.0
800	123845.0	124479.0
801	123819.0	124549.0
802	123827.0	124525.0
803	123709.0	124475.0
804	123811.0	124465.0
805	123917.0	124535.0
806	123774.0	124526.0
807	123943.0	124478.0
808	123952.0	124399.0
809	123879.0	124511.0
810	123949.0	124432.0
811	123898.0	124359.0
812	123924.0	124514.0
813	124024.0	124505.0
814	123797.0	124499.0
815	123846.0	124433.0
816	123897.0	124434.0
817	123885.0	124350.0
818	123847.0	124446.0
819	123884.0	124413.0
820	123950.0	124246.0
821	123856.0	124235.0
822	123992.0	124332.0
823	123917.0	124344.0
824	123890.0	124333.0
825	123732.0	124275.0
826	123785.0	124287.0
827	123960.0	124280.0
828	123817.0	124285.0
829	123883.0	124227.0
830	123836.0	124237.0
831	123898.0	124218.0
832	123863.0	124196.0
833	123875.0	124274.0
834	123873.0	124189.0
835	123801.0	124181.0
836	123872.0	124174.0
837	123909.0	124138.0
838	123854.0	124013.0
839	123874.0	124109.0
840	123814.0	124056.0
841	123936.0	124124.0
842	123802.0	124104.0
843	123994.0	124144.0
844	123964.0	124232.0
845	123883.0	124124.0
846	123929.0	124127.0
847	123948.0	124148.0
848	124007.0	124092.0
849	123873.0	124158.0
850	123866.0	124054.0
851	123973.0	124027.0
852	123980.0	124154.0
853	123975.0	124128.0
854	123914.0	124061.0
855	123957.0	123955.0
856	123941.0	124063.0
857	123923.0	124138.0
858	123893.0	124067.0
859	123819.0	124137.0
860	123911.0	124085.0
861	123956.0	124079.0
862	123977.0	123973.0
863	123969.0	124042.0
864	123923.0	124066.0
865	124040.0	124106.0
866	124015.0	124007.0
867	123986.0	123933.0
868	124016.0	123940.0
869	123924.0	123959.0
870	124030.0	123929.0
871	123986.0	123948.0
872	124030.0	123916.0
873	123964.0	123962.0
874	123976.0	123967.0
875	123932.0	123872.0
876	123938.0	123771.0
877	123896.0	123868.0
878	123920.0	123846.0
879	123914.0	123894.0
880	123938.0	123860.0
881	123989.0	123691.0
882	124074.0	123733.0
883	123978.0	123793.0
884	123981.0	123680.0
885	124063.0	123837.0
886	124006.0	123695.0
887	124052.0	123778.0
888	124047.0	123718.0
889	124012.0	123735.0
890	123984.0	123798.0
891	124007.0	123737.0
892	123963.0	123673.0
893	124054.0	123707.0
894	123893.0	123714.0
895	123967.0	123669.0
896	123929.0	123635.0
897	123885.0	123729.0
898	123905.0	123735.0
899	123937.0	123654.0
900	123961.0	123728.0
901	123891.0	123726.0
902	123830.0	123698.0
903	123860.0	123678.0
904	123905.0	123699.0
905	123912.0	123847.0
906	123799.0	123729.0
907	123861.0	123718.0
908	123826.0	123713.0
909	123784.0	123530.0
910	123844.0	123697.0
911	123838.0	123652.0
912	123822.0	123695.0
913	123841.0	123685.0
914	123820.0	123746.0
915	123843.0	123652.0
916	123824.0	123725.0
917	123827.0	123787.0
918	123822.0	123701.0
919	123852.0	123714.0
920	123899.0	123819.0
921	123844.0	123635.0
922	123773.0	123674.0
923	123855.0	123614.0
924	123797.0	123776.0
925	123859.0	123742.0
926	123821.0	123739.0
927	123868.0	123731.0
928	123727.0	123732.0
929	123896.0	123773.0
930	123861.0	123761.0
931	123695.0	123686.0
932	123689.0	123711.0
933	123824.0	123803.0
934	123766.0	123767.0
935	123693.0	123763.0
936	123727.0	123682.0
937	123651.0	123743.0
938	123765.0	123645.0
939	123715.0	123814.0
940	123720.0	123792.0
941	123718.0	123684.0
942	123706.0	123730.0
943	123848.0	123730.0
944	123751.0	123725.0
945	123767.0	123765.0
946	123674.0	123796.0
947	123665.0	123740.0
948	123749.0	123707.0
949	123804.0	123832.0
950	123722.0	123814.0
951	123787.0	123763.0
952	123825.0	123817.0
953	123666.0	123783.0
954	123777.0	123858.0
955	123774.0	123803.0
956	123694.0	123922.0
957	123747.0	123839.0
958	123759.0	123810.0
959	123742.0	123829.0
960	123681.0	123883.0
961	123759.0	123899.0
962	123772.0	123862.0
963	123767.0	123941.0
964	123727.0	123857.0
965	123739.0	123932.0
966	123834.0	123763.0
967	123743.0	123872.0
968	123671.0	123835.0
969	123742.0	123915.0
970	123597.0	124030.0
971	123723.0	123912.0
972	123675.0	123993.0
973	123658.0	124002.0
974	123773.0	123970.0
975	123775.0	123932.0
976	123781.0	123986.0
977	123750.0	123947.0
978	123649.0	124041.0
979	123702.0	123888.0
980	123690.0	123973.0
981	123577.0	123922.0
982	123688.0	124012.0
983	123684.0	123989.0
984	123711.0	123889.0
985	123694.0	124028.0
986	123725.0	123979.0
987	123704.0	124029.0
988	123720.0	123986.0
989	123644.0	123902.0
990	123662.0	124081.0
991	123659.0	124053.0
992	123615.0	124037.0
993	123659.0	124035.0
994	123707.0	124050.0
995	123575.0	124083.0
996	123741.0	124048.0
997	123584.0	124005.0
998	123623.0	124066.0
999	123600.0	124061.0
1000	123522.0	124105.0
1001	123596.0	124053.0
1002	123670.0	124162.0
1003	123499.0	124068.0
1004	123552.0	124084.0
1005	123671.0	123986.0
1006	123584.0	124011.0
1007	123573.0	123986.0
1008	123473.0	124079.0
1009	123564.0	124211.0
1010	123578.0	124048.0
1011	123440.0	124249.0
1012	123493.0	124210.0
1013	123505.0	124284.0
1014	123576.0	124148.0
1015	123501.0	124253.0
1016	123513.0	124134.0
1017	123469.0	124158.0
1018	123405.0	124160.0
1019	123475.0	124089.0
1020	123395.0	124140.0
1021	123460.0	124116.0
1022	123410.0	124063.0
1023	123453.0	124165.0
1024	123462.0	124253.0
1025	123344.0	124258.0
1026	123468.0	124163.0
1027	123227.0	124159.0
1028	123422.0	124159.0
1029	123352.0	124195.0
1030	123371.0	124217.0
1031	123314.0	124259.0
1032	123297.0	124202.0
1033	123279.0	124207.0
1034	123330.0	124336.0
1035	123299.0	124184.0
1036	123167.0	124257.0
1037	123169.0	124168.0
1038	123250.0	124174.0
1039	123233.0	124154.0
1040	123129.0	124096.0
1041	123192.0	124172.0
1042	123171.0	124143.0
1043	123193.0	124198.0
1044	123115.0	124202.0
1045	123215.0	124164.0
1046	123178.0	124283.0
1047	123222.0	124295.0
1048	123256.0	124290.0
1049	123085.0	124182.0
1050	123215.0	124233.0
1051	123125.0	124187.0
1052	123180.0	124177.0
1053	123170.0	124195.0
1054	123089.0	124104.0
1055	123119.0	124024.0
1056	123090.0	124071.0
1057	123170.0	124113.0
1058	123111.0	124134.0
1059	123119.0	124121.0
1060	123101.0	124022.0
1061	123082.0	124055.0
1062	123138.0	124109.0
1063	123155.0	124150.0
1064	123095.0	124095.0
1065	123044.0	124060.0
1066	122921.0	124134.0
1067	123062.0	124004.0
1068	123047.0	124117.0
1069	122931.0	124104.0
1070	123083.0	123958.0
1071	123025.0	124091.0
1072	122943.0	124053.0
1073	122876.0	123962.0
1074	122943.0	124023.0
1075	122998.0	124093.0
1076	122895.0	123924.0
1077	122828.0	124043.0
1078	122825.0	124001.0
1079	122851.0	124016.0
1080	122965.0	124093.0
1081	122906.0	124033.0
1082	122825.0	124006.0
1083	122886.0	124108.0
1084	122848.0	124061.0
1085	122893.0	124016.0
1086	122862.0	124055.0
1087	122884.0	123931.0
1088	122753.0	124022.0
1089	122830.0	124022.0
1090	122905.0	124082.0
1091	123000.0	124031.0
1092	122831.0	123924.0
1093	122883.0	123904.0
1094	122854.0	124021.0
1095	122851.0	123973.0
1096	122896.0	123980.0
1097	122835.0	124024.0
1098	122870.0	124025.0
1099	122855.0	124018.0
1100	122802.0	123952.0
1101	122871.0	123901.0
1102	122847.0	123880.0
1103	122848.0	123905.0
1104	122871.0	123933.0
1105	122920.0	123919.0
1106	122899.0	123911.0
1107	122821.0	123973.0
1108	122896.0	123865.0
1109	122949.0	123924.0
1110	122903.0	123933.0
1111	122861.0	123847.0
1112	122940.0	123897.0
1113	123011.0	123762.0
1114	123017.0	123895.0
1115	122994.0	123886.0
1116	123023.0	123832.0
1117	123024.0	123854.0
1118	123004.0	123957.0
1119	122957.0	123840.0
1120	123027.0	123895.0
1121	122935.0	123956.0
1122	123116.0	123797.0
1123	123040.0	123779.0
1124	122969.0	123829.0
1125	123165.0	123771.0
1126	123106.0	123835.0
1127	123119.0	123877.0
1128	123121.0	123802.0
1129	123098.0	123946.0
1130	123142.0	123870.0
1131	123126.0	123820.0
1132	123190.0	123812.0
1133	123056.0	123877.0
1134	123114.0	123793.0
1135	123131.0	123839.0
1136	123127.0	123743.0
1137	123227.0	123787.0
1138	123116.0	123592.0
1139	123146.0	123824.0
1140	123131.0	123828.0
1141	123187.0	123737.0
1142	123125.0	123908.0
1143	123225.0	123756.0
1144	123183.0	123825.0
1145	123223.0	123760.0
1146	123256.0	123768.0
1147	123150.0	123832.0
1148	123143.0	123779.0
1149	123281.0	123763.0
1150	123174.0	123753.0
1151	123345.0	123762.0
1152	123296.0	123812.0
1153	123291.0	123795.0
1154	123318.0	123783.0
1155	123216.0	123815.0
1156	123310.0	123721.0
1157	123306.0	123782.0
1158	123374.0	123789.0
1159	123370.0	123781.0
1160	123286.0	123769.0
1161	123341.0	123801.0
1162	123400.0	123716.0
1163	123360.0	123728.0
1164	123407.0	123778.0
1165	123263.0	123762.0
1166	123386.0	123726.0
1167	123331.0	123756.0
1168	123298.0	123770.0
1169	123275.0	123816.0
1170	123319.0	123681.0
1171	123251.0	123696.0
1172	123346.0	123656.0
1173	123443.0	123707.0
1174	123334.0	123663.0
1175	123420.0	123561.0
1176	123338.0	123646.0
1177	123437.0	123586.0
1178	123341.0	123660.0
1179	123381.0	123535.0
1180	123347.0	123615.0
1181	123402.0	123590.0
1182	123448.0	123565.0
1183	123369.0	123557.0
1184	123427.0	123515.0
1185	123455.0	123506.0
1186	123358.0	123450.0
1187	123304.0	123637.0
1188	123371.0	123553.0
1189	123303.0	123463.0
1190	123254.0	123529.0
1191	123373.0	123453.0
1192	123277.0	123479.0
1193	123320.0	123431.0
1194	123253.0	123525.0
1195	123338.0	123347.0
1196	123265.0	123406.0
1197	123308.0	123408.0
1198	123293.0	123387.0
1199	123347.0	123410.0
1200	123240.0	123428.0
1201	123250.0	123446.0
1202	123304.0	123396.0
1203	123283.0	123443.0
1204	123362.0	123433.0
1205	123310.0	123373.0
1206	123393.0	123425.0
1207	123247.0	123439.0
1208	123232.0	123410.0
1209	123250.0	123387.0
1210	123241.0	123375.0
1211	123265.0	123464.0
1212	123285.0	123316.0
1213	123243.0	123428.0
1214	123364.0	123394.0
1215	123353.0	123364.0
1216	123295.0	123456.0
1217	123186.0	123286.0
1218	123362.0	123415.0
1219	123239.0	123423.0
1220	123307.0	123364.0
1221	123325.0	123311.0
1222	123307.0	123300.0
1223	123260.0	123365.0
1224	123344.0	123369.0
1225	123223.0	123354.0
1226	123202.0	123351.0
1227	123154.0	123282.0
1228	123208.0	123261.0
1229	123134.0	123212.0
1230	123266.0	123337.0
1231	123210.0	123230.0
1232	123255.0	123293.0
1233	123276.0	123244.0
1234	123187.0	123281.0
1235	123263.0	123298.0
1236	123239.0	123265.0
1237	123123.0	123324.0
1238	123195.0	123251.0
1239	123170.0	123285.0
1240	123179.0	123307.0
1241	123114.0	123354.0
1242	123084.0	123313.0
1243	123205.0	123280.0
1244	123130.0	123420.0
1245	123125.0	123387.0
1246	123097.0	123251.0
1247	123194.0	123304.0
1248	123095.0	123316.0
1249	123152.0	123446.0
1250	123089.0	123390.0
1251	123131.0	123491.0
1252	123162.0	123415.0
1253	123140.0	123346.0
1254	123107.0	123415.0
1255	122979.0	123485.0
1256	122999.0	123509.0
1257	123049.0	123403.0
1258	123001.0	123417.0
1259	123010.0	123492.0
1260	123037.0	123579.0
1261	123060.0	123491.0
1262	122953.0	123464.0
1263	122927.0	123495.0
1264	122881.0	123460.0
1265	123012.0	123527.0
1266	122935.0	123540.0
1267	122979.0	123468.0
1268	122942.0	123606.0
1269	122937.0	123561.0
1270	122884.0	123479.0
1271	122926.0	123565.0
1272	122929.0	123554.0
1273	122873.0	123649.0
1274	122990.0	123513.0
1275	122841.0	123484.0
1276	122905.0	123531.0
1277	122889.0	123544.0
1278	122877.0	123456.0
1279	122874.0	123551.0
1280	122823.0	123653.0
1281	122815.0	123559.0
1282	122741.0	123591.0
1283	122847.0	123547.0
1284	122801.0	123635.0
1285	122812.0	123591.0
1286	122758.0	123566.0
1287	122822.0	123634.0
1288	122894.0	123621.0
1289	122763.0	123611.0
1290	122773.0	123675.0
1291	122785.0	123634.0
1292	122898.0	123664.0
1293	122687.0	123635.0
1294	122713.0	123612.0
1295	122863.0	123692.0
1296	122732.0	123586.0
1297	122762.0	123662.0
1298	122671.0	123684.0
1299	122689.0	123683.0
1300	122673.0	123642.0
1301	122641.0	123658.0
1302	122672.0	123708.0
1303	122667.0	123725.0
1304	122666.0	123699.0
1305	122655.0	123624.0
1306	122482.0	123707.0
1307	122726.0	123719.0
1308	122631.0	123782.0
1309	122588.0	123715.0
1310	122605.0	123740.0
1311	122600.0	123860.0
1312	122554.0	123832.0
1313	122651.0	123850.0
1314	122572.0	123789.0
1315	122544.0	123719.0
1316	122587.0	123867.0
1317	122576.0	123752.0
1318	122531.0	123854.0
1319	122560.0	123831.0
1320	122564.0	123828.0
1321	122572.0	123750.0
1322	122474.0	123763.0
1323	122554.0	123808.0
1324	122534.0	123718.0
1325	122564.0	123755.0
1326	122475.0	123764.0
1327	122526.0	123636.0
1328	122543.0	123799.0
1329	122518.0	123718.0
1330	122571.0	123733.0
1331	122535.0	123716.0
1332	122490.0	123773.0
1333	122528.0	123788.0
1334	122577.0	123777.0
1335	122548.0	123690.0
1336	122469.0	123695.0
1337	122484.0	123741.0
1338	122481.0	123731.0
1339	122401.0	123730.0
1340	122504.0	123719.0
1341	122579.0	123647.0
1342	122568.0	123705.0
1343	122508.0	123659.0
1344	122555.0	123613.0
1345	122441.0	123667.0
1346	122481.0	123616.0
1347	122492.0	123655.0
1348	122496.0	123633.0
1349	122529.0	123613.0
1350	122592.0	123770.0
1351	122527.0	123708.0
1352	122576.0	123673.0
1353	122585.0	123613.0
1354	122600.0	123542.0
1355	122590.0	123595.0
1356	122534.0	123554.0
1357	122530.0	123509.0
1358	122585.0	123536.0
1359	122537.0	123428.0
1360	122517.0	123605.0
1361	122598.0	123684.0
1362	122600.0	123629.0
1363	122493.0	123521.0
1364	122651.0	123504.0
1365	122574.0	123578.0
1366	122702.0	123560.0
1367	122596.0	123561.0
1368	122669.0	123629.0
1369	122666.0	123485.0
1370	122692.0	123513.0
1371	122601.0	123498.0
1372	122606.0	123441.0
1373	122643.0	123591.0
1374	122572.0	123455.0
1375	122573.0	123556.0
1376	122621.0	123452.0
1377	122652.0	123522.0
1378	122663.0	123513.0
1379	122687.0	123490.0
1380	122547.0	123464.0
1381	122687.0	123449.0
1382	122660.0	123431.0
1383	122709.0	123466.0
1384	122742.0	123413.0
1385	122677.0	123356.0
1386	122605.0	123510.0
1387	122711.0	123463.0
1388	122711.0	123398.0
1389	122692.0	123466.0
1390	122694.0	123407.0
1391	122706.0	123394.0
1392	122801.0	123391.0
1393	122755.0	123389.0
1394	122784.0	123378.0
1395	122745.0	123322.0
1396	122739.0	123412.0
1397	122727.0	123284.0
1398	122733.0	123348.0
1399	122840.0	123348.0
1400	122908.0	123426.0
1401	122760.0	123354.0
1402	122867.0	123209.0
1403	122789.0	123350.0
1404	122832.0	123215.0
1405	122815.0	123361.0
1406	123005.0	123216.0
1407	122936.0	123153.0
1408	122858.0	123287.0
1409	122901.0	123161.0
1410	122887.0	123243.0
1411	122906.0	123291.0
1412	122973.0	123260.0
1413	122907.0	123160.0
1414	122951.0	123165.0
1415	122944.0	123164.0
1416	123038.0	123265.0
1417	122819.0	123178.0
1418	122935.0	123163.0
1419	123039.0	123186.0
1420	122903.0	123124.0
1421	122966.0	123138.0
1422	123015.0	123104.0
1423	123029.0	123131.0
1424	123145.0	123116.0
1425	123033.0	123084.0
1426	122960.0	123086.0
1427	123104.0	123104.0
1428	123166.0	123070.0
1429	123086.0	123158.0
1430	123047.0	123047.0
1431	123111.0	123030.0
1432	123136.0	123010.0
1433	123092.0	123149.0
1434	123045.0	122938.0
1435	123027.0	123125.0
1436	123075.0	123002.0
1437	123076.0	123044.0
1438	123056.0	122960.0
1439	123098.0	122983.0
1440	123078.0	122900.0
1441	123136.0	123052.0
1442	123137.0	122990.0
1443	123170.0	122944.0
1444	123089.0	122935.0
1445	123070.0	122897.0
1446	123194.0	122846.0
1447	123178.0	122908.0
1448	123077.0	122787.0
1449	123069.0	122874.0
1450	123199.0	122798.0
1451	123111.0	122822.0
1452	123183.0	122860.0
1453	123168.0	122813.0
1454	123191.0	122804.0
1455	123205.0	122771.0
1456	123272.0	122841.0
1457	123202.0	122885.0
1458	123187.0	122800.0
1459	123252.0	122810.0
1460	123170.0	122647.0
1461	123312.0	122771.0
1462	123202.0	122811.0
1463	123213.0	122713.0
1464	123141.0	122848.0
1465	123301.0	122825.0
1466	123227.0	122740.0
1467	123251.0	122784.0
1468	123270.0	122810.0
1469	123277.0	122754.0
1470	123286.0	122828.0
1471	123331.0	122728.0
1472	123252.0	122771.0
1473	123270.0	122766.0
1474	123192.0	122659.0
1475	123182.0	122708.0
1476	123230.0	122784.0
1477	123174.0	122677.0
1478	123230.0	122702.0
1479	123260.0	122793.0
1480	123236.0	122702.0
1481	123187.0	122726.0
1482	123265.0	122651.0
1483	123242.0	122710.0
1484	123305.0	122779.0
1485	123244.0	122658.0
1486	123180.0	122828.0
1487	123140.0	122702.0
1488	123244.0	122756.0
1489	123174.0	122761.0
1490	123191.0	122769.0
1491	123233.0	122806.0
1492	123222.0	122848.0
1493	123210.0	122725.0
1494	123216.0	122759.0
1495	123372.0	122749.0
1496	123242.0	122732.0
1497	123235.0	122809.0
1498	123194.0	122748.0
1499	123157.0	122775.0
1500	123160.0	122805.0
1501	123186.0	122780.0
1502	123111.0	122881.0
1503	123106.0	122887.0
1504	123170.0	122884.0
1505	123223.0	122921.0
1506	123212.0	122932.0
1507	123209.0	122860.0
1508	123210.0	122767.0
1509	123242.0	122991.0
1510	123220.0	122872.0
1511	123254.0	122927.0
1512	123224.0	122903.0
1513	123158.0	122876.0
1514	123234.0	122889.0
1515	123166.0	122925.0
1516	123236.0	122905.0
1517	123279.0	122996.0
1518	123231.0	122960.0
1519	123168.0	123027.0
1520	123214.0	122952.0
1521	123282.0	122981.0
1522	123265.0	122951.0
1523	123169.0	122950.0
1524	123176.0	122942.0
1525	123069.0	122922.0
1526	123251.0	123026.0
1527	123187.0	122999.0
1528	123114.0	123015.0
1529	123139.0	122991.0
1530	123223.0	123110.0
1531	123185.0	123137.0
1532	123276.0	122972.0
1533	123176.0	123039.0
1534	123206.0	123068.0
1535	123192.0	123081.0
1536	123198.0	123111.0
1537	123221.0	123080.0
1538	123243.0	123130.0
1539	123243.0	123005.0
1540	123248.0	123096.0
1541	123204.0	123215.0
1542	123271.0	123215.0
1543	123246.0	123228.0
1544	123220.0	123228.0
1545	123267.0	123181.0
1546	123177.0	123311.0
1547	123266.0	123110.0
1548	123173.0	123145.0
1549	123283.0	123127.0
1550	123256.0	123156.0
1551	123248.0	123292.0
1552	123154.0	123254.0
1553	123263.0	123267.0
1554	123376.0	123247.0
1555	123279.0	123337.0
1556	123367.0	123442.0
1557	123305.0	123239.0
1558	123384.0	123229.0
1559	123232.0	123311.0
1560	123339.0	123282.0
1561	123362.0	123379.0
1562	123436.0	123461.0
1563	123342.0	123314.0
1564	123284.0	123474.0
1565	123399.0	123422.0
1566	123431.0	123447.0
1567	123422.0	123340.0
1568	123435.0	123412.0
1569	123491.0	123340.0
1570	123484.0	123367.0
1571	123497.0	123403.0
1572	123554.0	123386.0
1573	123558.0	123319.0
1574	123581.0	123418.0
1575	123579.0	123427.0
1576	123559.0	123446.0
1577	123480.0	123347.0
1578	123675.0	123371.0
1579	123657.0	123480.0
1580	123632.0	123384.0
1581	123498.0	123362.0
1582	123572.0	123405.0
1583	123672.0	123462.0
1584	123509.0	123487.0
1585	123655.0	123444.0
1586	123528.0	123517.0
1587	123506.0	123524.0
1588	123622.0	123502.0
1589	123613.0	123574.0
1590	123520.0	123524.0
1591	123548.0	123500.0
1592	123570.0	123488.0
1593	123597.0	123428.0
1594	123576.0	123631.0
1595	123569.0	123524.0
1596	123549.0	123473.0
1597	123580.0	123548.0
1598	123446.0	123499.0
1599	123487.0	123524.0
1600	123558.0	123631.0
1601	123527.0	123533.0
1602	123537.0	123589.0
1603	123557.0	123600.0
1604	123494.0	123592.0
1605	123544.0	123587.0
1606	123596.0	123529.0
1607	123467.0	123634.0
1608	123463.0	123642.0
1609	123548.0	123596.0
1610	123621.0	123663.0
1611	123526.0	123575.0
1612	123466.0	123625.0
1613	123424.0	123630.0
1614	123524.0	123494.0
1615	123559.0	123534.0
1616	123523.0	123569.0
1617	123527.0	123594.0
1618	123445.0	123591.0
1619	123559.0	123589.0
1620	123482.0	123632.0
1621	123551.0	123572.0
1622	123590.0	123612.0
1623	123450.0	123583.0
1624	123572.0	123582.0
1625	123467.0	123642.0
1626	123497.0	123668.0
1627	123511.0	123638.0
1628	123422.0	123569.0
1629	123512.0	123613.0
1630	123371.0	123623.0
1631	123474.0	123541.0
1632	123430.0	123567.0
1633	123501.0	123502.0
1634	123379.0	123613.0
1635	123355.0	123576.0
1636	123524.0	123543.0
1637	123335.0	123534.0
1638	123439.0	123538.0
1639	123407.0	123666.0
1640	123374.0	123695.0
1641	123346.0	123648.0
1642	123289.0	123552.0
1643	123338.0	123480.0
1644	123366.0	123499.0
1645	123344.0	123499.0
1646	123290.0	123504.0
1647	123367.0	123544.0
1648	123302.0	123521.0
1649	123259.0	123517.0
1650	123203.0	123532.0
1651	123211.0	123403.0
1652	123194.0	123448.0
1653	123207.0	123485.0
1654	123139.0	123446.0
1655	123090.0	123516.0
1656	123116.0	123472.0
1657	123219.0	123404.0
1658	123176.0	123554.0
1659	123118.0	123373.0
1660	123134.0	123409.0
1661	123078.0	123484.0
1662	123095.0	123439.0
1663	123118.0	123500.0
1664	123046.0	123455.0
1665	123056.0	123404.0
1666	123043.0	123446.0
1667	122974.0	123521.0
1668	122967.0	123469.0
1669	123000.0	123500.0
1670	122886.0	123415.0
1671	122973.0	123494.0
1672	122897.0	123473.0
1673	122859.0	123544.0
1674	122871.0	123469.0
1675	122875.0	123530.0
1676	122862.0	123443.0
1677	122824.0	123535.0
1678	122800.0	123560.0
1679	122912.0	123549.0
1680	122820.0	123460.0
1681	122814.0	123496.0
1682	122759.0	123443.0
1683	122719.0	123497.0
1684	122703.0	123548.0
1685	122627.0	123514.0
1686	122744.0	123520.0
1687	122686.0	123542.0
1688	122735.0	123434.0
1689	122670.0	123463.0
1690	122454.0	123511.0
1691	122600.0	123499.0
1692	122593.0	123589.0
1693	122576.0	123489.0
1694	122558.0	123525.0
1695	122499.0	123478.0
1696	122565.0	123525.0
1697	122496.0	123510.0
1698	122476.0	123449.0
1699	122471.0	123478.0
1700	122441.0	123600.0
1701	122407.0	123451.0
1702	122450.0	123464.0
1703	122362.0	123500.0
1704	122191.0	123574.0
1705	122220.0	123537.0
1706	122289.0	123581.0
1707	122227.0	123506.0
1708	122115.0	123537.0
1709	122245.0	123514.0
1710	122257.0	123557.0
1711	122025.0	123596.0
1712	122205.0	123544.0
1713	122196.0	123596.0
1714	122186.0	123564.0
1715	122125.0	123629.0
1716	122141.0	123627.0
1717	122114.0	123589.0
1718	122105.0	123643.0
1719	122082.0	123585.0
1720	121986.0	123633.0
1721	121977.0	123619.0
1722	121968.0	123689.0
1723	121980.0	123681.0
1724	121928.0	123711.0
1725	121999.0	123723.0
1726	121804.0	123776.0
1727	121892.0	123714.0
1728	122006.0	123639.0
1729	121870.0	123706.0
1730	121875.0	123644.0
1731	121893.0	123744.0
1732	121846.0	123625.0
1733	121723.0	123677.0
1734	121885.0	123713.0
1735	121808.0	123728.0
1736	121774.0	123620.0
1737	121625.0	123675.0
1738	121723.0	123642.0
1739	121622.0	123745.0
1740	121802.0	123721.0
1741	121731.0	123783.0
1742	121658.0	123705.0
1743	121664.0	123757.0
1744	121816.0	123743.0
1745	121776.0	123699.0
1746	121745.0	123728.0
1747	121644.0	123850.0
1748	121681.0	123747.0
1749	121642.0	123757.0
1750	121631.0	123761.0
1751	121735.0	123678.0
1752	121630.0	123765.0
1753	121696.0	123785.0
1754	121705.0	123613.0
1755	121607.0	123704.0
1756	121679.0	123747.0
1757	121691.0	123664.0
1758	121797.0	123669.0
1759	121585.0	123723.0
1760	121719.0	123667.0
1761	121649.0	123807.0
1762	121675.0	123825.0
1763	121636.0	123676.0
1764	121780.0	123699.0
1765	121690.0	123768.0
1766	121750.0	123788.0
1767	121627.0	123733.0
1768	121746.0	123751.0
1769	121673.0	123651.0
1770	121722.0	123708.0
1771	121674.0	123760.0
1772	121687.0	123761.0
1773	121642.0	123695.0
1774	121733.0	123715.0
1775	121732.0	123717.0
1776	121639.0	123694.0
1777	121662.0	123768.0
1778	121687.0	123787.0
1779	121812.0	123671.0
1780	121789.0	123703.0
1781	121640.0	123672.0
1782	121773.0	123934.0
1783	121798.0	123740.0
1784	121765.0	123771.0
1785	121825.0	123736.0
1786	121696.0	123907.0
1787	121803.0	123795.0
1788	121807.0	123764.0
1789	121888.0	123739.0
1790	121857.0	123733.0
1791	121780.0	123620.0
1792	121961.0	123645.0
1793	121952.0	123721.0
1794	121866.0	123633.0
1795	121873.0	123638.0
1796	121878.0	123655.0
1797	121939.0	123729.0
1798	121923.0	123636.0
1799	121925.0	123760.0
1800	122090.0	123615.0
1801	121917.0	123670.0
1802	122055.0	123563.0
1803	121986.0	123564.0
1804	121911.0	123512.0
1805	122054.0	123644.0
1806	122022.0	123551.0
1807	122103.0	123512.0
1808	121962.0	123539.0
1809	122135.0	123544.0
1810	122051.0	123537.0
1811	122006.0	123513.0
1812	122114.0	123436.0
1813	122087.0	123493.0
1814	122004.0	123324.0
1815	122016.0	123426.0
1816	122080.0	123418.0
1817	122069.0	123334.0
1818	122155.0	123395.0
1819	122067.0	123341.0
1820	122123.0	123241.0
1821	122081.0	123338.0
1822	122123.0	123370.0
1823	122125.0	123224.0
1824	122160.0	123288.0
1825	122157.0	123207.0
1826	122238.0	123217.0
1827	122197.0	123263.0
1828	122142.0	123206.0
1829	122192.0	123120.0
1830	122148.0	123087.0
1831	122210.0	123094.0
1832	122187.0	123024.0
1833	122216.0	123101.0
1834	122127.0	122978.0
1835	122180.0	123139.0
1836	122196.0	123020.0
1837	122188.0	123062.0
1838	122192.0	123047.0
1839	122167.0	122969.0
1840	122162.0	122998.0
1841	122198.0	122898.0
1842	122245.0	122887.0
1843	122313.0	122814.0
1844	122247.0	122888.0
1845	122236.0	122814.0
1846	122218.0	122843.0
1847	122253.0	122791.0
1848	122252.0	122692.0
1849	122111.0	122751.0
1850	122196.0	122779.0
1851	122246.0	122744.0
1852	122113.0	122701.0
1853	122158.0	122649.0
1854	122219.0	122652.0
1855	122168.0	122635.0
1856	122235.0	122653.0
1857	122228.0	122646.0
1858	122142.0	122542.0
1859	122223.0	122555.0
1860	122145.0	122498.0
1861	122137.0	122590.0
1862	122123.0	122504.0
1863	122198.0	122465.0
1864	122151.0	122323.0
1865	122134.0	122353.0
1866	122026.0	122484.0
1867	122134.0	122415.0
1868	122101.0	122251.0
1869	122081.0	122354.0
1870	122160.0	122276.0
1871	122130.0	122228.0
1872	122060.0	122190.0
1873	122121.0	122173.0
1874	122096.0	122303.0
1875	122137.0	122234.0
1876	122098.0	122207.0
1877	122036.0	122165.0
1878	122117.0	122101.0
1879	122167.0	122130.0
1880	122146.0	122153.0
1881	122184.0	122129.0
1882	122115.0	122110.0
1883	122099.0	122154.0
1884	122209.0	122088.0
1885	122206.0	122062.0
1886	122136.0	122064.0
1887	122189.0	121995.0
1888	122150.0	121969.0
1889	122187.0	122013.0
1890	122183.0	121980.0
1891	122101.0	121899.0
1892	122160.0	121864.0
1893	122184.0	122027.0
1894	122233.0	121977.0
1895	122179.0	121952.0
1896	122139.0	121955.0
1897	122227.0	121984.0
1898	122337.0	121902.0
1899	122283.0	121975.0
1900	122306.0	121936.0
1901	122283.0	121919.0
1902	122286.0	121975.0
1903	122260.0	121991.0
1904	122326.0	122024.0
1905	122265.0	121903.0
1906	122275.0	121950.0
1907	122308.0	121875.0
1908	122394.0	121975.0
1909	122280.0	121927.0
1910	122313.0	121881.0
1911	122281.0	121954.0
1912	122402.0	121866.0
1913	122350.0	121982.0
1914	122311.0	121936.0
1915	122254.0	121991.0
1916	122265.0	121927.0
1917	122447.0	122019.0
1918	122414.0	121988.0
1919	122470.0	121967.0
1920	122374.0	121959.0
1921	122356.0	122002.0
1922	122394.0	122008.0
1923	122431.0	121985.0
1924	122334.0	121934.0
1925	122357.0	121969.0
1926	122381.0	122002.0
1927	122459.0	121959.0
1928	122361.0	122028.0
1929	122358.0	121940.0
1930	122446.0	121949.0
1931	122438.0	121961.0
1932	122424.0	121986.0
1933	122463.0	121969.0
1934	122491.0	122023.0
1935	122419.0	122045.0
1936	122447.0	122086.0
1937	122452.0	122046.0
1938	122481.0	122130.0
1939	122480.0	122039.0
1940	122468.0	122090.0
1941	122555.0	122160.0
1942	122489.0	122126.0
1943	122540.0	122187.0
1944	122637.0	122086.0
1945	122565.0	122168.0
1946	122566.0	122086.0
1947	122614.0	122105.0
1948	122613.0	122155.0
1949	122491.0	122152.0
1950	122647.0	122073.0
1951	122691.0	122169.0
1952	122659.0	122284.0
1953	122706.0	122167.0
1954	122655.0	122127.0
1955	122582.0	122232.0
1956	122657.0	122213.0
1957	122724.0	122301.0
1958	122705.0	122267.0
1959	122675.0	122252.0
1960	122614.0	122213.0
1961	122659.0	122243.0
1962	122687.0	122208.0
1963	122660.0	122306.0
1964	122655.0	122279.0
1965	122724.0	122209.0
1966	122708.0	122246.0
1967	122739.0	122274.0
1968	122793.0	122335.0
1969	122813.0	122324.0
1970	122757.0	122357.0
1971	122818.0	122365.0
1972	122755.0	122379.0
1973	122838.0	122385.0
1974	122794.0	122311.0
1975	122742.0	122349.0
1976	122947.0	122423.0
1977	122831.0	122406.0
1978	122825.0	122424.0
1979	122935.0	122452.0
1980	122920.0	122439.0
1981	122963.0	122529.0
1982	122928.0	122345.0
1983	122872.0	122362.0
1984	122890.0	122436.0
1985	122782.0	122391.0
1986	122794.0	122347.0
1987	122721.0	122460.0
1988	122966.0	122361.0
1989	122810.0	122450.0
1990	122823.0	122515.0
1991	122853.0	122493.0
1992	122881.0	122418.0
1993	122939.0	122407.0
1994	122857.0	122467.0
1995	122913.0	122494.0
1996	122916.0	122484.0
1997	122796.0	122449.0
1998	122866.0	122494.0
1999	122856.0	122432.0
