Distance in bp(Fragment Length Estimate: 174)(Peak Width Estimate: 174)	Same Strand (+ for Watson strand, - for Crick)	Opposite Strand
-2000	121984.0	121165.0
-1999	121810.0	121277.0
-1998	121962.0	121100.0
-1997	121922.0	121151.0
-1996	121794.0	120800.0
-1995	121750.0	121015.0
-1994	121725.0	120902.0
-1993	121481.0	121415.0
-1992	121618.0	121033.0
-1991	121724.0	121308.0
-1990	121675.0	120946.0
-1989	122098.0	121328.0
-1988	122109.0	121187.0
-1987	121867.0	121330.0
-1986	121885.0	121487.0
-1985	121758.0	121426.0
-1984	121577.0	121011.0
-1983	121768.0	121215.0
-1982	121702.0	121406.0
-1981	121785.0	121156.0
-1980	121410.0	121427.0
-1979	121749.0	121098.0
-1978	121466.0	121462.0
-1977	121707.0	121399.0
-1976	121857.0	121326.0
-1975	121823.0	121246.0
-1974	121746.0	121450.0
-1973	121860.0	121196.0
-1972	121943.0	121639.0
-1971	121752.0	121268.0
-1970	122108.0	121297.0
-1969	121607.0	121526.0
-1968	121833.0	121011.0
-1967	121517.0	120938.0
-1966	122000.0	121183.0
-1965	121372.0	121298.0
-1964	121413.0	121022.0
-1963	121600.0	121303.0
-1962	122059.0	121375.0
-1961	121695.0	121332.0
-1960	121803.0	121273.0
-1959	121710.0	121486.0
-1958	121436.0	121505.0
-1957	121677.0	121381.0
-1956	121624.0	121170.0
-1955	121605.0	121151.0
-1954	121819.0	121753.0
-1953	122070.0	121464.0
-1952	121997.0	121472.0
-1951	122126.0	121502.0
-1950	122327.0	121520.0
-1949	121681.0	120982.0
-1948	121901.0	121353.0
-1947	122474.0	121320.0
-1946	121748.0	121494.0
-1945	122060.0	121446.0
-1944	121872.0	121347.0
-1943	121822.0	121655.0
-1942	121787.0	121798.0
-1941	121987.0	121405.0
-1940	122040.0	121545.0
-1939	122110.0	121444.0
-1938	121951.0	121164.0
-1937	121934.0	121387.0
-1936	121779.0	121553.0
-1935	121732.0	121554.0
-1934	121968.0	121296.0
-1933	121951.0	121761.0
-1932	121885.0	121698.0
-1931	121847.0	121482.0
-1930	122092.0	121648.0
-1929	122135.0	121885.0
-1928	121797.0	121552.0
-1927	122240.0	121571.0
-1926	122119.0	121416.0
-1925	121815.0	121783.0
-1924	121873.0	121702.0
-1923	121660.0	121541.0
-1922	121838.0	121931.0
-1921	121864.0	121606.0
-1920	122077.0	121773.0
-1919	121671.0	121509.0
-1918	121516.0	121507.0
-1917	122097.0	121571.0
-1916	121711.0	121986.0
-1915	121714.0	121374.0
-1914	122097.0	121287.0
-1913	121961.0	121444.0
-1912	121789.0	121629.0
-1911	121986.0	121370.0
-1910	121945.0	121435.0
-1909	121830.0	121065.0
-1908	121780.0	121446.0
-1907	121975.0	121358.0
-1906	122142.0	121412.0
-1905	121726.0	121495.0
-1904	121850.0	121427.0
-1903	121743.0	121691.0
-1902	122045.0	121537.0
-1901	121832.0	121378.0
-1900	122375.0	121733.0
-1899	121912.0	121685.0
-1898	121743.0	121674.0
-1897	122243.0	121654.0
-1896	122005.0	121640.0
-1895	122221.0	121367.0
-1894	121952.0	121855.0
-1893	122185.0	121765.0
-1892	122039.0	121674.0
-1891	122006.0	121984.0
-1890	121951.0	121324.0
-1889	121907.0	122162.0
-1888	121734.0	121698.0
-1887	121921.0	121811.0
-1886	121643.0	121650.0
-1885	122057.0	121974.0
-1884	121773.0	121836.0
-1883	121796.0	121690.0
-1882	121922.0	121906.0
-1881	122179.0	121437.0
-1880	121788.0	121132.0
-1879	121875.0	121514.0
-1878	122104.0	121714.0
-1877	122098.0	121250.0
-1876	122158.0	121562.0
-1875	122328.0	121384.0
-1874	122263.0	121117.0
-1873	122102.0	121974.0
-1872	121883.0	121667.0
-1871	121808.0	121815.0
-1870	122107.0	121440.0
-1869	122113.0	121477.0
-1868	122033.0	121287.0
-1867	121920.0	121536.0
-1866	122263.0	121251.0
-1865	121931.0	121572.0
-1864	122048.0	121447.0
-1863	122082.0	121209.0
-1862	122296.0	121520.0
-1861	122015.0	121511.0
-1860	122326.0	121682.0
-1859	122211.0	121467.0
-1858	122053.0	121632.0
-1857	122029.0	121507.0
-1856	122249.0	121851.0
-1855	121777.0	121205.0
-1854	122247.0	121702.0
-1853	121822.0	121531.0
-1852	122446.0	121715.0
-1851	122147.0	121058.0
-1850	122090.0	121831.0
-1849	121930.0	121804.0
-1848	122385.0	121223.0
-1847	122071.0	121534.0
-1846	122149.0	121537.0
-1845	122327.0	121642.0
-1844	122298.0	121586.0
-1843	121788.0	122005.0
-1842	121948.0	121366.0
-1841	122192.0	121823.0
-1840	122252.0	121572.0
-1839	122659.0	121235.0
-1838	121800.0	121536.0
-1837	121897.0	121655.0
-1836	122052.0	121220.0
-1835	121865.0	121355.0
-1834	122377.0	121287.0
-1833	122264.0	121298.0
-1832	122015.0	121365.0
-1831	122241.0	121354.0
-1830	122079.0	121825.0
-1829	121931.0	121469.0
-1828	122020.0	122152.0
-1827	121996.0	121644.0
-1826	122219.0	122007.0
-1825	122151.0	121242.0
-1824	122196.0	121359.0
-1823	122039.0	121640.0
-1822	122286.0	121555.0
-1821	122234.0	121517.0
-1820	121903.0	121675.0
-1819	122012.0	121924.0
-1818	121803.0	121355.0
-1817	121826.0	121713.0
-1816	121873.0	121273.0
-1815	121968.0	121581.0
-1814	121744.0	121721.0
-1813	122234.0	121502.0
-1812	121826.0	121465.0
-1811	121966.0	121644.0
-1810	121917.0	121759.0
-1809	122097.0	121707.0
-1808	121955.0	121673.0
-1807	122072.0	121881.0
-1806	121931.0	121648.0
-1805	121862.0	121712.0
-1804	121935.0	121843.0
-1803	121831.0	121639.0
-1802	122027.0	121490.0
-1801	121917.0	121944.0
-1800	122078.0	121701.0
-1799	121910.0	121782.0
-1798	121949.0	121387.0
-1797	121876.0	121747.0
-1796	121975.0	122275.0
-1795	121999.0	122106.0
-1794	122230.0	121384.0
-1793	122112.0	121490.0
-1792	122078.0	121679.0
-1791	122381.0	121422.0
-1790	122086.0	121519.0
-1789	121975.0	121794.0
-1788	122355.0	121723.0
-1787	121716.0	121872.0
-1786	121997.0	121962.0
-1785	122214.0	121645.0
-1784	121842.0	121484.0
-1783	122071.0	121648.0
-1782	122098.0	121786.0
-1781	121964.0	121952.0
-1780	122107.0	121524.0
-1779	122084.0	122024.0
-1778	122084.0	122042.0
-1777	121683.0	121934.0
-1776	121581.0	121717.0
-1775	122370.0	121764.0
-1774	122333.0	121506.0
-1773	121995.0	121801.0
-1772	122061.0	121869.0
-1771	122123.0	122077.0
-1770	122314.0	121446.0
-1769	122280.0	121613.0
-1768	121824.0	121470.0
-1767	122212.0	121602.0
-1766	122106.0	121681.0
-1765	122035.0	121589.0
-1764	121786.0	122118.0
-1763	122274.0	121646.0
-1762	122210.0	121659.0
-1761	122044.0	121982.0
-1760	121720.0	121653.0
-1759	122339.0	121583.0
-1758	121992.0	122238.0
-1757	121991.0	121728.0
-1756	122344.0	121970.0
-1755	121869.0	121639.0
-1754	122080.0	121705.0
-1753	121734.0	121791.0
-1752	122368.0	121748.0
-1751	121875.0	121941.0
-1750	122013.0	121711.0
-1749	122214.0	121435.0
-1748	122124.0	122135.0
-1747	122035.0	121694.0
-1746	122176.0	121840.0
-1745	122300.0	121843.0
-1744	122271.0	121680.0
-1743	122327.0	121540.0
-1742	121964.0	121619.0
-1741	122154.0	121985.0
-1740	122247.0	121675.0
-1739	121873.0	121871.0
-1738	122286.0	121780.0
-1737	122613.0	121982.0
-1736	122082.0	122183.0
-1735	121965.0	121640.0
-1734	122080.0	122037.0
-1733	122187.0	122085.0
-1732	122807.0	121574.0
-1731	122381.0	121663.0
-1730	122261.0	121814.0
-1729	122027.0	122066.0
-1728	122292.0	121918.0
-1727	122100.0	121935.0
-1726	122150.0	121897.0
-1725	122312.0	121842.0
-1724	122250.0	121898.0
-1723	122172.0	121690.0
-1722	122391.0	121383.0
-1721	121967.0	121579.0
-1720	122618.0	121681.0
-1719	122387.0	121484.0
-1718	122330.0	121675.0
-1717	122443.0	121621.0
-1716	122152.0	121562.0
-1715	122344.0	121804.0
-1714	121993.0	121744.0
-1713	122027.0	122132.0
-1712	121965.0	121599.0
-1711	122263.0	121495.0
-1710	122616.0	122136.0
-1709	122107.0	121751.0
-1708	122553.0	121777.0
-1707	122229.0	121805.0
-1706	122574.0	121649.0
-1705	122379.0	121726.0
-1704	122460.0	121766.0
-1703	122199.0	121511.0
-1702	122445.0	121547.0
-1701	122496.0	121556.0
-1700	122421.0	121740.0
-1699	122344.0	121759.0
-1698	122372.0	121800.0
-1697	121980.0	122076.0
-1696	122572.0	121733.0
-1695	122525.0	121879.0
-1694	122510.0	121709.0
-1693	122356.0	121733.0
-1692	122727.0	121606.0
-1691	122499.0	121449.0
-1690	122608.0	121488.0
-1689	122700.0	121955.0
-1688	122491.0	121929.0
-1687	122531.0	121972.0
-1686	122660.0	121443.0
-1685	122535.0	121490.0
-1684	122376.0	121660.0
-1683	122758.0	121610.0
-1682	122069.0	121493.0
-1681	122511.0	121622.0
-1680	122434.0	121985.0
-1679	122507.0	121559.0
-1678	122557.0	121614.0
-1677	122738.0	121279.0
-1676	122292.0	121498.0
-1675	122641.0	121554.0
-1674	122646.0	121454.0
-1673	122548.0	121048.0
-1672	122777.0	121477.0
-1671	122331.0	121574.0
-1670	122390.0	121432.0
-1669	122290.0	121796.0
-1668	122616.0	121348.0
-1667	122192.0	121514.0
-1666	122312.0	121485.0
-1665	122724.0	121625.0
-1664	122425.0	121438.0
-1663	122415.0	121512.0
-1662	122291.0	121615.0
-1661	122463.0	121759.0
-1660	122411.0	121573.0
-1659	122304.0	121282.0
-1658	122313.0	121755.0
-1657	122448.0	121721.0
-1656	122193.0	121465.0
-1655	122653.0	121583.0
-1654	122375.0	122105.0
-1653	122351.0	121495.0
-1652	122297.0	121722.0
-1651	122285.0	121760.0
-1650	122634.0	121870.0
-1649	122308.0	121945.0
-1648	122568.0	121442.0
-1647	123031.0	121756.0
-1646	122532.0	121459.0
-1645	122317.0	121525.0
-1644	122548.0	121295.0
-1643	122713.0	121297.0
-1642	122471.0	121344.0
-1641	122514.0	121448.0
-1640	122388.0	121564.0
-1639	122456.0	121548.0
-1638	122673.0	121752.0
-1637	122355.0	121632.0
-1636	122493.0	121332.0
-1635	122486.0	121360.0
-1634	122455.0	121211.0
-1633	122688.0	121380.0
-1632	122694.0	121525.0
-1631	122649.0	121317.0
-1630	122893.0	121549.0
-1629	122824.0	121688.0
-1628	122663.0	121553.0
-1627	122472.0	121863.0
-1626	122895.0	121184.0
-1625	122409.0	121546.0
-1624	122521.0	121565.0
-1623	122726.0	121358.0
-1622	122506.0	121656.0
-1621	122400.0	120945.0
-1620	122634.0	121634.0
-1619	122384.0	121328.0
-1618	122359.0	121488.0
-1617	122522.0	121237.0
-1616	122730.0	121221.0
-1615	122944.0	121182.0
-1614	122698.0	121387.0
-1613	122588.0	121522.0
-1612	122408.0	121553.0
-1611	122813.0	121585.0
-1610	122674.0	121908.0
-1609	122476.0	121518.0
-1608	122812.0	121495.0
-1607	122757.0	121717.0
-1606	122598.0	121496.0
-1605	122757.0	121449.0
-1604	122601.0	121580.0
-1603	123251.0	121353.0
-1602	122871.0	121461.0
-1601	123008.0	120940.0
-1600	122428.0	121676.0
-1599	123005.0	121493.0
-1598	122501.0	121339.0
-1597	122688.0	121397.0
-1596	122618.0	121389.0
-1595	122897.0	121739.0
-1594	122553.0	121433.0
-1593	122796.0	121460.0
-1592	122829.0	121131.0
-1591	122506.0	121585.0
-1590	122671.0	121665.0
-1589	122402.0	121549.0
-1588	122585.0	121288.0
-1587	123117.0	121671.0
-1586	122736.0	121487.0
-1585	122709.0	121620.0
-1584	122945.0	121310.0
-1583	122630.0	121562.0
-1582	122888.0	121797.0
-1581	122677.0	121430.0
-1580	123062.0	121569.0
-1579	122201.0	121830.0
-1578	122629.0	121922.0
-1577	122763.0	121717.0
-1576	122582.0	121720.0
-1575	123139.0	121183.0
-1574	122489.0	121713.0
-1573	122506.0	121803.0
-1572	122507.0	121918.0
-1571	122803.0	121332.0
-1570	122948.0	121511.0
-1569	122821.0	121579.0
-1568	122345.0	121692.0
-1567	122525.0	121508.0
-1566	122921.0	121890.0
-1565	122442.0	122046.0
-1564	122908.0	121721.0
-1563	122690.0	121744.0
-1562	122676.0	121927.0
-1561	122667.0	121554.0
-1560	122659.0	121862.0
-1559	122742.0	121978.0
-1558	122803.0	121940.0
-1557	122539.0	121813.0
-1556	122850.0	122099.0
-1555	122383.0	121914.0
-1554	123016.0	121643.0
-1553	122720.0	121617.0
-1552	122844.0	121555.0
-1551	122676.0	121632.0
-1550	122466.0	121863.0
-1549	122402.0	122333.0
-1548	122474.0	121808.0
-1547	122443.0	121881.0
-1546	122624.0	121888.0
-1545	122787.0	121954.0
-1544	122755.0	121820.0
-1543	122932.0	122203.0
-1542	123345.0	121412.0
-1541	122953.0	122176.0
-1540	123173.0	121832.0
-1539	122837.0	121752.0
-1538	122581.0	121877.0
-1537	122654.0	121694.0
-1536	122714.0	121875.0
-1535	122672.0	121585.0
-1534	122642.0	121927.0
-1533	122890.0	121821.0
-1532	122608.0	121936.0
-1531	122856.0	121903.0
-1530	122808.0	121634.0
-1529	122683.0	121700.0
-1528	123080.0	121999.0
-1527	122977.0	121975.0
-1526	122955.0	121864.0
-1525	123216.0	121818.0
-1524	122680.0	122023.0
-1523	122804.0	122102.0
-1522	122690.0	121847.0
-1521	123143.0	122093.0
-1520	122696.0	122055.0
-1519	122663.0	122220.0
-1518	123203.0	121980.0
-1517	122746.0	122155.0
-1516	122332.0	122025.0
-1515	122884.0	122141.0
-1514	122590.0	121901.0
-1513	122868.0	121774.0
-1512	122555.0	122211.0
-1511	122806.0	121914.0
-1510	122545.0	122034.0
-1509	122690.0	121830.0
-1508	122817.0	121714.0
-1507	122684.0	122175.0
-1506	123146.0	121954.0
-1505	122691.0	121822.0
-1504	122708.0	122141.0
-1503	123095.0	122003.0
-1502	122969.0	121740.0
-1501	122993.0	122260.0
-1500	123066.0	122183.0
-1499	122843.0	121790.0
-1498	122816.0	122138.0
-1497	123255.0	121854.0
-1496	122616.0	122426.0
-1495	122779.0	122008.0
-1494	122665.0	122353.0
-1493	122628.0	121853.0
-1492	122804.0	121938.0
-1491	122837.0	121839.0
-1490	122413.0	121882.0
-1489	122593.0	122371.0
-1488	122690.0	121879.0
-1487	122919.0	121534.0
-1486	122831.0	122038.0
-1485	123037.0	121987.0
-1484	122925.0	121851.0
-1483	122679.0	122091.0
-1482	123127.0	122012.0
-1481	122676.0	122200.0
-1480	122529.0	122287.0
-1479	122409.0	121725.0
-1478	122458.0	121654.0
-1477	122710.0	121914.0
-1476	122721.0	121913.0
-1475	122707.0	122111.0
-1474	122781.0	122371.0
-1473	122889.0	122259.0
-1472	122706.0	122345.0
-1471	122966.0	122500.0
-1470	122604.0	122250.0
-1469	122341.0	122175.0
-1468	122692.0	122022.0
-1467	122907.0	122156.0
-1466	122638.0	122089.0
-1465	122513.0	122440.0
-1464	122615.0	122325.0
-1463	122337.0	122040.0
-1462	122736.0	122117.0
-1461	122189.0	122367.0
-1460	122790.0	122286.0
-1459	122659.0	122223.0
-1458	122714.0	122226.0
-1457	122419.0	122104.0
-1456	122620.0	121970.0
-1455	123029.0	122228.0
-1454	122541.0	122369.0
-1453	122866.0	122106.0
-1452	122384.0	122635.0
-1451	122535.0	122115.0
-1450	122311.0	122489.0
-1449	122589.0	122457.0
-1448	122575.0	122664.0
-1447	122401.0	122393.0
-1446	123017.0	122035.0
-1445	122736.0	122019.0
-1444	122695.0	122285.0
-1443	123168.0	122400.0
-1442	122698.0	122292.0
-1441	122618.0	122740.0
-1440	122559.0	122587.0
-1439	122422.0	122791.0
-1438	122489.0	122340.0
-1437	122858.0	122382.0
-1436	122370.0	122533.0
-1435	122398.0	122367.0
-1434	122683.0	122678.0
-1433	122714.0	122231.0
-1432	122498.0	122135.0
-1431	122339.0	122059.0
-1430	122680.0	122316.0
-1429	122577.0	122499.0
-1428	122448.0	122245.0
-1427	122305.0	122363.0
-1426	122320.0	122499.0
-1425	122307.0	122150.0
-1424	122515.0	122235.0
-1423	122226.0	122733.0
-1422	122554.0	122397.0
-1421	122541.0	122433.0
-1420	122516.0	122636.0
-1419	122299.0	122352.0
-1418	122670.0	122543.0
-1417	122478.0	122468.0
-1416	122426.0	122464.0
-1415	122713.0	122171.0
-1414	122642.0	122254.0
-1413	122387.0	122584.0
-1412	122339.0	122116.0
-1411	122614.0	122303.0
-1410	122663.0	122320.0
-1409	122535.0	122517.0
-1408	122669.0	122541.0
-1407	122589.0	122441.0
-1406	122325.0	122540.0
-1405	122155.0	122293.0
-1404	122541.0	122386.0
-1403	122385.0	122306.0
-1402	122217.0	122580.0
-1401	122578.0	122414.0
-1400	122618.0	122310.0
-1399	122532.0	122603.0
-1398	122679.0	122119.0
-1397	122359.0	122292.0
-1396	122552.0	122349.0
-1395	122234.0	122109.0
-1394	122384.0	122381.0
-1393	122595.0	122335.0
-1392	122379.0	122564.0
-1391	122609.0	122478.0
-1390	122553.0	122511.0
-1389	122705.0	122628.0
-1388	122740.0	122308.0
-1387	122682.0	122617.0
-1386	122569.0	122433.0
-1385	122457.0	122423.0
-1384	122405.0	122378.0
-1383	122576.0	122417.0
-1382	122815.0	122167.0
-1381	122833.0	122435.0
-1380	122737.0	122251.0
-1379	122629.0	122203.0
-1378	122503.0	122355.0
-1377	122877.0	122473.0
-1376	122547.0	122488.0
-1375	122377.0	122609.0
-1374	122578.0	122093.0
-1373	122564.0	122410.0
-1372	122311.0	122301.0
-1371	122535.0	122462.0
-1370	122417.0	122170.0
-1369	122263.0	122179.0
-1368	122564.0	122237.0
-1367	122353.0	122414.0
-1366	122658.0	122397.0
-1365	122637.0	122376.0
-1364	122740.0	122074.0
-1363	122479.0	122582.0
-1362	122996.0	122355.0
-1361	122257.0	122541.0
-1360	122716.0	121933.0
-1359	122580.0	122743.0
-1358	122593.0	122529.0
-1357	122825.0	122136.0
-1356	122558.0	122538.0
-1355	122775.0	122550.0
-1354	122641.0	122371.0
-1353	122939.0	122126.0
-1352	122759.0	122346.0
-1351	122685.0	122528.0
-1350	122601.0	122345.0
-1349	122496.0	122317.0
-1348	122543.0	122531.0
-1347	122489.0	122462.0
-1346	122821.0	122068.0
-1345	122826.0	122386.0
-1344	122755.0	122113.0
-1343	122412.0	122027.0
-1342	122612.0	122601.0
-1341	122581.0	123097.0
-1340	122337.0	122443.0
-1339	122144.0	122875.0
-1338	122536.0	122493.0
-1337	122495.0	122594.0
-1336	122557.0	122409.0
-1335	122795.0	122361.0
-1334	122701.0	122235.0
-1333	122667.0	122343.0
-1332	122752.0	122226.0
-1331	122584.0	122428.0
-1330	122577.0	122682.0
-1329	122785.0	122457.0
-1328	122709.0	122149.0
-1327	122740.0	122367.0
-1326	122457.0	122104.0
-1325	122597.0	122560.0
-1324	122691.0	121988.0
-1323	122607.0	122603.0
-1322	122863.0	122150.0
-1321	122714.0	122313.0
-1320	122779.0	122431.0
-1319	122678.0	122216.0
-1318	122637.0	122439.0
-1317	122601.0	122016.0
-1316	122310.0	122374.0
-1315	122617.0	122482.0
-1314	122822.0	122399.0
-1313	122831.0	122472.0
-1312	122613.0	122263.0
-1311	122851.0	122073.0
-1310	122920.0	121995.0
-1309	122532.0	122233.0
-1308	122448.0	122174.0
-1307	122994.0	122025.0
-1306	122627.0	122476.0
-1305	122754.0	122240.0
-1304	122466.0	122552.0
-1303	122541.0	122050.0
-1302	122697.0	122058.0
-1301	122582.0	122441.0
-1300	122626.0	121799.0
-1299	122916.0	122172.0
-1298	122803.0	122108.0
-1297	122674.0	122253.0
-1296	123035.0	122149.0
-1295	122643.0	122045.0
-1294	122903.0	122071.0
-1293	122531.0	122184.0
-1292	122552.0	122356.0
-1291	122683.0	122754.0
-1290	122898.0	122525.0
-1289	122466.0	122033.0
-1288	122900.0	121992.0
-1287	122957.0	122018.0
-1286	122981.0	122215.0
-1285	123098.0	122134.0
-1284	123278.0	122137.0
-1283	123107.0	122262.0
-1282	123187.0	122144.0
-1281	123066.0	121885.0
-1280	122975.0	121972.0
-1279	123211.0	122136.0
-1278	122752.0	122278.0
-1277	123081.0	122032.0
-1276	122541.0	122452.0
-1275	122944.0	122354.0
-1274	123118.0	122242.0
-1273	122842.0	122077.0
-1272	123085.0	122246.0
-1271	123024.0	121993.0
-1270	123188.0	122272.0
-1269	123178.0	122368.0
-1268	122927.0	121837.0
-1267	122691.0	122362.0
-1266	123051.0	122132.0
-1265	122825.0	122116.0
-1264	122669.0	122229.0
-1263	123163.0	122026.0
-1262	122721.0	122136.0
-1261	123027.0	121567.0
-1260	122741.0	121810.0
-1259	122844.0	122035.0
-1258	123528.0	122088.0
-1257	123217.0	121762.0
-1256	123180.0	122107.0
-1255	123521.0	121817.0
-1254	123232.0	122243.0
-1253	122925.0	121574.0
-1252	123138.0	121997.0
-1251	123262.0	122042.0
-1250	123080.0	121927.0
-1249	122739.0	122186.0
-1248	123122.0	121981.0
-1247	122615.0	122228.0
-1246	122402.0	122212.0
-1245	122802.0	122055.0
-1244	122865.0	122196.0
-1243	122624.0	122188.0
-1242	122937.0	122054.0
-1241	123005.0	121980.0
-1240	123387.0	121829.0
-1239	123351.0	122178.0
-1238	122944.0	122289.0
-1237	122926.0	122318.0
-1236	123028.0	122041.0
-1235	123146.0	121807.0
-1234	122708.0	122088.0
-1233	123063.0	122079.0
-1232	122782.0	122256.0
-1231	123419.0	122010.0
-1230	123286.0	121871.0
-1229	123397.0	122464.0
-1228	122998.0	122547.0
-1227	123425.0	121923.0
-1226	122937.0	122202.0
-1225	123166.0	122146.0
-1224	123328.0	121821.0
-1223	123200.0	121750.0
-1222	123117.0	122204.0
-1221	123408.0	121756.0
-1220	122961.0	121909.0
-1219	123200.0	122328.0
-1218	123350.0	121953.0
-1217	122674.0	122192.0
-1216	122770.0	122136.0
-1215	123194.0	122417.0
-1214	122787.0	122260.0
-1213	122790.0	122594.0
-1212	122839.0	122288.0
-1211	122858.0	122099.0
-1210	122911.0	121962.0
-1209	122971.0	122047.0
-1208	123039.0	121860.0
-1207	122902.0	121936.0
-1206	123394.0	121635.0
-1205	123301.0	122297.0
-1204	123131.0	122351.0
-1203	123297.0	122323.0
-1202	122959.0	122250.0
-1201	123277.0	122283.0
-1200	123003.0	122312.0
-1199	123366.0	121875.0
-1198	123311.0	122206.0
-1197	123518.0	121947.0
-1196	123071.0	122092.0
-1195	123562.0	122119.0
-1194	123691.0	121581.0
-1193	122869.0	121963.0
-1192	122558.0	122236.0
-1191	123213.0	122399.0
-1190	122934.0	121982.0
-1189	122996.0	122051.0
-1188	123189.0	121771.0
-1187	122939.0	121926.0
-1186	122883.0	122152.0
-1185	123109.0	122195.0
-1184	122964.0	121756.0
-1183	123090.0	122506.0
-1182	123013.0	122556.0
-1181	123281.0	122066.0
-1180	123332.0	122249.0
-1179	123386.0	122231.0
-1178	123069.0	122217.0
-1177	123082.0	122243.0
-1176	123239.0	122334.0
-1175	122810.0	122095.0
-1174	122697.0	122191.0
-1173	122901.0	122361.0
-1172	122753.0	122594.0
-1171	122770.0	122258.0
-1170	122949.0	122467.0
-1169	122990.0	122317.0
-1168	122786.0	122488.0
-1167	123604.0	121973.0
-1166	122900.0	122344.0
-1165	123363.0	122553.0
-1164	123327.0	122430.0
-1163	123173.0	121977.0
-1162	123207.0	122313.0
-1161	123350.0	122224.0
-1160	123183.0	122184.0
-1159	123012.0	122266.0
-1158	122939.0	122479.0
-1157	123003.0	122328.0
-1156	123146.0	122350.0
-1155	123509.0	122082.0
-1154	123032.0	122473.0
-1153	123118.0	122086.0
-1152	123651.0	122450.0
-1151	123294.0	122250.0
-1150	123588.0	122302.0
-1149	123624.0	122568.0
-1148	123124.0	122334.0
-1147	123363.0	122534.0
-1146	123345.0	122334.0
-1145	123306.0	122540.0
-1144	123431.0	122779.0
-1143	123570.0	122539.0
-1142	122946.0	122262.0
-1141	123582.0	122748.0
-1140	123590.0	122331.0
-1139	123222.0	122248.0
-1138	123492.0	122298.0
-1137	123406.0	122251.0
-1136	123269.0	121969.0
-1135	123126.0	122572.0
-1134	123346.0	122446.0
-1133	122969.0	122503.0
-1132	122946.0	122302.0
-1131	123120.0	122603.0
-1130	122981.0	122023.0
-1129	123152.0	122827.0
-1128	123452.0	122509.0
-1127	123138.0	122482.0
-1126	122777.0	122651.0
-1125	123337.0	122348.0
-1124	122845.0	122101.0
-1123	122923.0	122628.0
-1122	123280.0	122161.0
-1121	123023.0	122228.0
-1120	123155.0	122414.0
-1119	123298.0	122544.0
-1118	122922.0	122206.0
-1117	123503.0	121916.0
-1116	123229.0	122199.0
-1115	123213.0	122293.0
-1114	122894.0	122360.0
-1113	123620.0	122380.0
-1112	123480.0	122240.0
-1111	123040.0	122849.0
-1110	123582.0	122614.0
-1109	122911.0	122078.0
-1108	122909.0	122699.0
-1107	122769.0	122519.0
-1106	123397.0	122494.0
-1105	122969.0	123075.0
-1104	123332.0	122726.0
-1103	123340.0	122377.0
-1102	123117.0	122549.0
-1101	123598.0	122708.0
-1100	123312.0	122278.0
-1099	123431.0	122646.0
-1098	123170.0	122481.0
-1097	123299.0	122608.0
-1096	123084.0	122632.0
-1095	122693.0	122943.0
-1094	123208.0	122549.0
-1093	122836.0	122656.0
-1092	123457.0	122669.0
-1091	122750.0	122611.0
-1090	122792.0	122393.0
-1089	123505.0	122632.0
-1088	123177.0	122726.0
-1087	122955.0	122777.0
-1086	123835.0	122425.0
-1085	123389.0	122502.0
-1084	123472.0	122767.0
-1083	123315.0	122935.0
-1082	123202.0	122309.0
-1081	123219.0	122981.0
-1080	123267.0	122546.0
-1079	123030.0	122537.0
-1078	123121.0	122724.0
-1077	123366.0	122994.0
-1076	123239.0	122492.0
-1075	123028.0	122916.0
-1074	123648.0	122723.0
-1073	123046.0	122435.0
-1072	123428.0	123090.0
-1071	123393.0	122926.0
-1070	123267.0	122663.0
-1069	123112.0	122846.0
-1068	123485.0	122744.0
-1067	123272.0	122647.0
-1066	123417.0	122337.0
-1065	123439.0	122576.0
-1064	123337.0	122409.0
-1063	123016.0	122607.0
-1062	123383.0	122615.0
-1061	122962.0	122788.0
-1060	123393.0	122755.0
-1059	123335.0	122589.0
-1058	123257.0	122612.0
-1057	123326.0	123215.0
-1056	123572.0	122755.0
-1055	123236.0	122883.0
-1054	123191.0	122950.0
-1053	123535.0	122906.0
-1052	122870.0	122993.0
-1051	123207.0	122881.0
-1050	123749.0	123131.0
-1049	123293.0	122323.0
-1048	123374.0	122861.0
-1047	123781.0	122740.0
-1046	123388.0	122650.0
-1045	123425.0	123023.0
-1044	123537.0	122886.0
-1043	123379.0	123091.0
-1042	122962.0	123114.0
-1041	123723.0	122886.0
-1040	123126.0	122957.0
-1039	123205.0	123062.0
-1038	123418.0	122473.0
-1037	123329.0	122395.0
-1036	123395.0	122779.0
-1035	123163.0	122501.0
-1034	123413.0	122439.0
-1033	122938.0	123051.0
-1032	123673.0	122658.0
-1031	123676.0	122719.0
-1030	123868.0	122409.0
-1029	123848.0	122797.0
-1028	123606.0	122665.0
-1027	123775.0	122824.0
-1026	123746.0	122424.0
-1025	123412.0	122898.0
-1024	123829.0	122918.0
-1023	123391.0	122756.0
-1022	123464.0	122464.0
-1021	123481.0	122839.0
-1020	123984.0	122817.0
-1019	123639.0	122410.0
-1018	123631.0	122825.0
-1017	123654.0	122658.0
-1016	123639.0	122737.0
-1015	123051.0	122543.0
-1014	123695.0	122991.0
-1013	123576.0	122728.0
-1012	123310.0	122985.0
-1011	123144.0	122931.0
-1010	123556.0	122704.0
-1009	123053.0	122847.0
-1008	123501.0	122619.0
-1007	123446.0	122733.0
-1006	123598.0	122664.0
-1005	123524.0	122871.0
-1004	123608.0	122506.0
-1003	123738.0	122582.0
-1002	123625.0	123282.0
-1001	123566.0	122824.0
-1000	123913.0	123274.0
-999	123880.0	122844.0
-998	123858.0	122827.0
-997	123350.0	123032.0
-996	124091.0	122696.0
-995	123319.0	122554.0
-994	123025.0	123285.0
-993	123662.0	123076.0
-992	123696.0	122864.0
-991	123364.0	123115.0
-990	123434.0	123015.0
-989	123547.0	122853.0
-988	123744.0	123413.0
-987	124032.0	123080.0
-986	123604.0	122963.0
-985	123847.0	123262.0
-984	124145.0	123174.0
-983	123524.0	122837.0
-982	123504.0	122813.0
-981	123798.0	123115.0
-980	123865.0	122519.0
-979	123379.0	123233.0
-978	124024.0	122971.0
-977	123631.0	122962.0
-976	123926.0	123249.0
-975	123656.0	123359.0
-974	124061.0	122446.0
-973	123896.0	123151.0
-972	124182.0	123054.0
-971	124192.0	123173.0
-970	123855.0	122945.0
-969	123997.0	122829.0
-968	123849.0	123049.0
-967	123762.0	122973.0
-966	123874.0	122995.0
-965	123954.0	123200.0
-964	123490.0	123242.0
-963	124196.0	122440.0
-962	123833.0	123034.0
-961	123639.0	122772.0
-960	124259.0	123013.0
-959	124092.0	122589.0
-958	123603.0	122722.0
-957	124358.0	122980.0
-956	124100.0	122609.0
-955	124161.0	122903.0
-954	124059.0	122997.0
-953	124141.0	122587.0
-952	124010.0	123322.0
-951	124318.0	122981.0
-950	123945.0	122935.0
-949	123849.0	122859.0
-948	124466.0	123227.0
-947	123913.0	122638.0
-946	124073.0	123116.0
-945	124488.0	122891.0
-944	124396.0	122831.0
-943	123820.0	123203.0
-942	124114.0	122963.0
-941	124337.0	122815.0
-940	124314.0	122989.0
-939	124255.0	122938.0
-938	124289.0	122795.0
-937	124294.0	122930.0
-936	124713.0	122933.0
-935	124400.0	122728.0
-934	124383.0	122950.0
-933	124591.0	122776.0
-932	124289.0	122835.0
-931	123950.0	123389.0
-930	124671.0	122885.0
-929	124452.0	123030.0
-928	124351.0	123106.0
-927	124758.0	123131.0
-926	124594.0	123180.0
-925	124419.0	123310.0
-924	124830.0	123153.0
-923	123990.0	122778.0
-922	124485.0	123066.0
-921	124499.0	123002.0
-920	124511.0	122907.0
-919	124386.0	122986.0
-918	124830.0	123306.0
-917	124615.0	122983.0
-916	124331.0	122474.0
-915	125101.0	122678.0
-914	124614.0	122956.0
-913	124149.0	123024.0
-912	124767.0	122765.0
-911	124451.0	122917.0
-910	124635.0	123201.0
-909	124320.0	123116.0
-908	124794.0	122658.0
-907	124360.0	123101.0
-906	124699.0	122952.0
-905	124729.0	122962.0
-904	124444.0	122968.0
-903	124743.0	122975.0
-902	124547.0	122832.0
-901	124401.0	122917.0
-900	124791.0	122840.0
-899	124528.0	122596.0
-898	124291.0	123180.0
-897	124733.0	123178.0
-896	124474.0	122450.0
-895	124363.0	122750.0
-894	124583.0	123006.0
-893	124521.0	122600.0
-892	124498.0	122725.0
-891	124787.0	122793.0
-890	124349.0	122569.0
-889	124336.0	122945.0
-888	124858.0	122855.0
-887	124362.0	122736.0
-886	124717.0	122827.0
-885	124983.0	123178.0
-884	124561.0	122597.0
-883	124632.0	123041.0
-882	125412.0	122995.0
-881	124862.0	122628.0
-880	124519.0	123191.0
-879	124936.0	123197.0
-878	124728.0	122892.0
-877	124566.0	122842.0
-876	124588.0	122998.0
-875	124578.0	122894.0
-874	124379.0	123774.0
-873	125089.0	123183.0
-872	124711.0	122822.0
-871	124828.0	123279.0
-870	124663.0	123152.0
-869	124775.0	123284.0
-868	125000.0	122800.0
-867	125131.0	123213.0
-866	125089.0	122852.0
-865	124821.0	123206.0
-864	125280.0	122892.0
-863	124805.0	123349.0
-862	124806.0	123421.0
-861	124872.0	123298.0
-860	124653.0	123327.0
-859	124678.0	123593.0
-858	124582.0	123270.0
-857	124252.0	123335.0
-856	124654.0	123445.0
-855	124797.0	123380.0
-854	124759.0	122834.0
-853	124743.0	123472.0
-852	125072.0	123073.0
-851	124272.0	123002.0
-850	124583.0	123618.0
-849	124792.0	123395.0
-848	124745.0	123047.0
-847	124292.0	123540.0
-846	125156.0	123116.0
-845	124450.0	123074.0
-844	124500.0	123345.0
-843	125391.0	123537.0
-842	124569.0	123132.0
-841	124680.0	123293.0
-840	125007.0	123498.0
-839	124273.0	123200.0
-838	124231.0	123611.0
-837	124643.0	123029.0
-836	124657.0	122959.0
-835	124811.0	123065.0
-834	125221.0	123808.0
-833	124649.0	123115.0
-832	124981.0	123666.0
-831	124818.0	123366.0
-830	124302.0	123767.0
-829	124436.0	123702.0
-828	124866.0	123839.0
-827	124741.0	123394.0
-826	124792.0	123444.0
-825	125324.0	123191.0
-824	124848.0	123895.0
-823	124671.0	123742.0
-822	125416.0	123465.0
-821	124825.0	123419.0
-820	124535.0	123576.0
-819	125433.0	123389.0
-818	124624.0	123607.0
-817	124748.0	123418.0
-816	124976.0	123507.0
-815	124894.0	123406.0
-814	124259.0	123668.0
-813	124947.0	123757.0
-812	124434.0	123245.0
-811	124675.0	123847.0
-810	125144.0	123439.0
-809	124576.0	123771.0
-808	124875.0	123807.0
-807	124822.0	123792.0
-806	124456.0	123816.0
-805	124731.0	123864.0
-804	125366.0	123840.0
-803	124585.0	123789.0
-802	124650.0	123918.0
-801	124903.0	123687.0
-800	124408.0	123595.0
-799	124626.0	123922.0
-798	124997.0	123773.0
-797	124448.0	123688.0
-796	124724.0	124044.0
-795	124928.0	124134.0
-794	124492.0	123841.0
-793	124711.0	124123.0
-792	125320.0	124011.0
-791	124406.0	124192.0
-790	124341.0	123962.0
-789	124798.0	124332.0
-788	124649.0	123969.0
-787	124421.0	124321.0
-786	124711.0	123960.0
-785	124443.0	123705.0
-784	124422.0	124408.0
-783	124868.0	124081.0
-782	124485.0	123980.0
-781	124483.0	124465.0
-780	125256.0	124162.0
-779	124555.0	123993.0
-778	124529.0	124266.0
-777	125053.0	123736.0
-776	124615.0	123582.0
-775	124577.0	124038.0
-774	124879.0	123875.0
-773	124372.0	123590.0
-772	124315.0	124451.0
-771	124733.0	124092.0
-770	124298.0	124292.0
-769	124184.0	124430.0
-768	124743.0	124073.0
-767	124763.0	124605.0
-766	124477.0	124741.0
-765	124810.0	124414.0
-764	124585.0	124027.0
-763	124654.0	124344.0
-762	124753.0	123954.0
-761	124609.0	123995.0
-760	124802.0	124423.0
-759	125144.0	124201.0
-758	124666.0	124129.0
-757	124960.0	124470.0
-756	124995.0	124297.0
-755	124471.0	124343.0
-754	124298.0	124212.0
-753	124911.0	123984.0
-752	124470.0	124044.0
-751	124383.0	123905.0
-750	125093.0	123949.0
-749	124543.0	124088.0
-748	124598.0	124302.0
-747	125186.0	124130.0
-746	124459.0	123755.0
-745	124542.0	124395.0
-744	125237.0	124345.0
-743	124594.0	124181.0
-742	124730.0	124362.0
-741	125068.0	124520.0
-740	124557.0	123946.0
-739	124409.0	124688.0
-738	125269.0	124244.0
-737	124613.0	124429.0
-736	124902.0	124179.0
-735	125047.0	124395.0
-734	124833.0	124127.0
-733	124432.0	124897.0
-732	124859.0	124836.0
-731	124638.0	124219.0
-730	124387.0	124797.0
-729	125049.0	124316.0
-728	124894.0	124207.0
-727	124112.0	124592.0
-726	125009.0	124430.0
-725	124533.0	123745.0
-724	124355.0	124216.0
-723	125011.0	124002.0
-722	124722.0	124040.0
-721	124345.0	124463.0
-720	125338.0	124113.0
-719	124706.0	123946.0
-718	124376.0	124475.0
-717	124927.0	123985.0
-716	125076.0	123946.0
-715	124544.0	124493.0
-714	125042.0	124458.0
-713	124775.0	124477.0
-712	124394.0	124568.0
-711	125004.0	124468.0
-710	124673.0	124161.0
-709	124331.0	124641.0
-708	124849.0	124226.0
-707	124485.0	123725.0
-706	124392.0	124357.0
-705	124774.0	124154.0
-704	124710.0	123856.0
-703	124300.0	124831.0
-702	124542.0	124495.0
-701	124476.0	123940.0
-700	124351.0	124651.0
-699	124787.0	124249.0
-698	124865.0	123799.0
-697	124289.0	124625.0
-696	124972.0	124174.0
-695	124607.0	123929.0
-694	124661.0	124324.0
-693	125169.0	124178.0
-692	124492.0	123998.0
-691	124564.0	125019.0
-690	124754.0	124535.0
-689	124568.0	124098.0
-688	124643.0	124564.0
-687	124985.0	124052.0
-686	124831.0	124357.0
-685	124973.0	124604.0
-684	125229.0	124645.0
-683	124369.0	124550.0
-682	124161.0	124145.0
-681	124732.0	124631.0
-680	124333.0	124238.0
-679	124350.0	124364.0
-678	124840.0	124451.0
-677	124703.0	123651.0
-676	124559.0	124182.0
-675	125336.0	124296.0
-674	124717.0	123901.0
-673	124836.0	124408.0
-672	125535.0	124708.0
-671	124859.0	123970.0
-670	124622.0	124235.0
-669	125254.0	124358.0
-668	125125.0	124376.0
-667	125034.0	124333.0
-666	125157.0	124544.0
-665	124919.0	124420.0
-664	124610.0	124153.0
-663	125525.0	124529.0
-662	124868.0	124375.0
-661	124777.0	124735.0
-660	125453.0	124405.0
-659	124831.0	124222.0
-658	124581.0	124477.0
-657	125152.0	124437.0
-656	124679.0	123830.0
-655	124563.0	124419.0
-654	125422.0	124394.0
-653	124862.0	123759.0
-652	124964.0	124415.0
-651	125555.0	123986.0
-650	125116.0	123855.0
-649	124976.0	124784.0
-648	125607.0	124469.0
-647	124775.0	124150.0
-646	124846.0	124275.0
-645	125002.0	124521.0
-644	125196.0	123931.0
-643	124969.0	124499.0
-642	125181.0	124332.0
-641	124746.0	124465.0
-640	124883.0	124647.0
-639	125310.0	124191.0
-638	125150.0	124252.0
-637	125059.0	124494.0
-636	125357.0	124311.0
-635	125129.0	123809.0
-634	125145.0	124680.0
-633	125655.0	124391.0
-632	125104.0	123862.0
-631	124948.0	124689.0
-630	125309.0	124513.0
-629	124973.0	124186.0
-628	125011.0	124382.0
-627	125528.0	124551.0
-626	125125.0	124280.0
-625	125133.0	124487.0
-624	125691.0	124449.0
-623	124948.0	124223.0
-622	124609.0	124525.0
-621	125814.0	124419.0
-620	125289.0	123900.0
-619	124994.0	124567.0
-618	125752.0	124091.0
-617	125263.0	124048.0
-616	124938.0	124477.0
-615	125454.0	124471.0
-614	125058.0	124238.0
-613	124720.0	124758.0
-612	125388.0	124285.0
-611	125287.0	124117.0
-610	125110.0	124420.0
-609	125522.0	124581.0
-608	125301.0	124198.0
-607	125108.0	124219.0
-606	125496.0	124653.0
-605	125409.0	123883.0
-604	125045.0	124516.0
-603	125720.0	124741.0
-602	124894.0	124187.0
-601	124821.0	124489.0
-600	125690.0	124661.0
-599	125274.0	124126.0
-598	124957.0	124730.0
-597	125498.0	124297.0
-596	125132.0	124167.0
-595	125294.0	124458.0
-594	125665.0	124299.0
-593	125339.0	123871.0
-592	125328.0	124638.0
-591	125593.0	124172.0
-590	125021.0	123863.0
-589	125489.0	124857.0
-588	125811.0	124620.0
-587	125644.0	124278.0
-586	125366.0	124587.0
-585	125911.0	124140.0
-584	125130.0	124565.0
-583	125158.0	124756.0
-582	125453.0	124817.0
-581	125084.0	124026.0
-580	124759.0	124605.0
-579	125414.0	124553.0
-578	125018.0	124198.0
-577	125241.0	124610.0
-576	125575.0	124725.0
-575	125369.0	124028.0
-574	125137.0	124546.0
-573	125619.0	124614.0
-572	125381.0	124316.0
-571	125552.0	124854.0
-570	125683.0	124717.0
-569	124965.0	124228.0
-568	125445.0	124711.0
-567	125946.0	124786.0
-566	125388.0	124313.0
-565	125536.0	124717.0
-564	125521.0	124543.0
-563	125289.0	124232.0
-562	125144.0	124622.0
-561	125823.0	124551.0
-560	125342.0	124290.0
-559	125295.0	124492.0
-558	126128.0	124561.0
-557	125481.0	124181.0
-556	125650.0	124568.0
-555	126267.0	124522.0
-554	125290.0	124197.0
-553	125544.0	124621.0
-552	126039.0	124538.0
-551	125539.0	124266.0
-550	125269.0	124601.0
-549	126052.0	124735.0
-548	125057.0	123905.0
-547	125123.0	124591.0
-546	125754.0	124453.0
-545	125397.0	124354.0
-544	125526.0	124877.0
-543	125809.0	124755.0
-542	125556.0	124432.0
-541	125561.0	124329.0
-540	126117.0	124825.0
-539	125167.0	124390.0
-538	125552.0	124490.0
-537	126368.0	124676.0
-536	125603.0	124375.0
-535	125763.0	124535.0
-534	125928.0	124728.0
-533	125708.0	124553.0
-532	125794.0	124666.0
-531	126018.0	124552.0
-530	125297.0	124280.0
-529	125128.0	124701.0
-528	125877.0	124696.0
-527	125635.0	124015.0
-526	125433.0	124523.0
-525	126253.0	124726.0
-524	125323.0	124316.0
-523	125225.0	124677.0
-522	126310.0	124266.0
-521	125280.0	124128.0
-520	125169.0	124478.0
-519	126105.0	124686.0
-518	125536.0	124186.0
-517	125593.0	124903.0
-516	126435.0	124777.0
-515	125816.0	124344.0
-514	125890.0	124596.0
-513	126424.0	124653.0
-512	125586.0	124211.0
-511	125594.0	125025.0
-510	126104.0	124501.0
-509	125318.0	124423.0
-508	125360.0	124758.0
-507	126209.0	124520.0
-506	125841.0	124233.0
-505	125560.0	124891.0
-504	126236.0	124271.0
-503	126002.0	124015.0
-502	125572.0	124956.0
-501	126430.0	124715.0
-500	126017.0	124099.0
-499	125180.0	125039.0
-498	126582.0	124826.0
-497	125851.0	124024.0
-496	125545.0	124686.0
-495	126637.0	124655.0
-494	125957.0	124575.0
-493	125554.0	124669.0
-492	126382.0	124643.0
-491	125908.0	124428.0
-490	125756.0	124684.0
-489	126007.0	124964.0
-488	126076.0	124127.0
-487	125839.0	124500.0
-486	126401.0	124518.0
-485	125963.0	124226.0
-484	125603.0	124846.0
-483	126748.0	124836.0
-482	126146.0	124006.0
-481	126099.0	124636.0
-480	126322.0	124351.0
-479	125618.0	124283.0
-478	125699.0	124586.0
-477	126377.0	124336.0
-476	125518.0	124339.0
-475	125594.0	124424.0
-474	126182.0	124517.0
-473	126038.0	123725.0
-472	125877.0	124705.0
-471	126354.0	124636.0
-470	126131.0	124006.0
-469	125910.0	124626.0
-468	126371.0	124653.0
-467	126212.0	124307.0
-466	125702.0	124749.0
-465	126389.0	124548.0
-464	125657.0	124148.0
-463	126332.0	124703.0
-462	126557.0	124765.0
-461	125552.0	124085.0
-460	125820.0	124579.0
-459	126260.0	125035.0
-458	125987.0	124378.0
-457	126125.0	124750.0
-456	126329.0	124692.0
-455	125980.0	124367.0
-454	125799.0	125138.0
-453	126454.0	124858.0
-452	125902.0	124354.0
-451	126080.0	124880.0
-450	126390.0	124912.0
-449	126206.0	124499.0
-448	125960.0	124908.0
-447	126516.0	124757.0
-446	125888.0	124347.0
-445	125787.0	125038.0
-444	126616.0	124661.0
-443	126167.0	124337.0
-442	126298.0	125084.0
-441	126903.0	124444.0
-440	125911.0	124154.0
-439	125844.0	124605.0
-438	126320.0	124141.0
-437	125816.0	124663.0
-436	125954.0	124975.0
-435	126469.0	125036.0
-434	125849.0	124039.0
-433	126024.0	124908.0
-432	127136.0	124426.0
-431	125925.0	124454.0
-430	126379.0	124497.0
-429	126586.0	124895.0
-428	125625.0	124453.0
-427	126281.0	125087.0
-426	126929.0	124980.0
-425	126178.0	124472.0
-424	125985.0	125202.0
-423	126822.0	125098.0
-422	125809.0	124575.0
-421	126076.0	125016.0
-420	126929.0	124810.0
-419	126140.0	124436.0
-418	126133.0	125210.0
-417	127045.0	125024.0
-416	126461.0	124783.0
-415	126075.0	124929.0
-414	127192.0	125002.0
-413	126279.0	124933.0
-412	126088.0	125375.0
-411	126846.0	125180.0
-410	126486.0	124501.0
-409	126318.0	124807.0
-408	127181.0	124529.0
-407	126139.0	124562.0
-406	126147.0	124616.0
-405	127599.0	124795.0
-404	126193.0	124616.0
-403	126480.0	124669.0
-402	127042.0	124951.0
-401	126296.0	124502.0
-400	126113.0	125096.0
-399	126833.0	125083.0
-398	125888.0	124388.0
-397	126229.0	125007.0
-396	127051.0	124919.0
-395	126265.0	124376.0
-394	126464.0	125155.0
-393	127255.0	125007.0
-392	126404.0	124860.0
-391	126191.0	125450.0
-390	127278.0	125133.0
-389	126272.0	124812.0
-388	126474.0	125122.0
-387	127527.0	125386.0
-386	126356.0	124512.0
-385	126498.0	125170.0
-384	127301.0	125124.0
-383	126694.0	124754.0
-382	126394.0	125251.0
-381	127443.0	124882.0
-380	126214.0	124844.0
-379	126667.0	125215.0
-378	126964.0	125316.0
-377	126496.0	124841.0
-376	126323.0	125214.0
-375	127264.0	124805.0
-374	126529.0	124377.0
-373	126310.0	125113.0
-372	127331.0	125263.0
-371	126495.0	124518.0
-370	126575.0	125437.0
-369	127005.0	125358.0
-368	126807.0	124778.0
-367	126561.0	125613.0
-366	127163.0	125162.0
-365	126095.0	124859.0
-364	126502.0	125234.0
-363	127520.0	124990.0
-362	126901.0	124645.0
-361	126467.0	125543.0
-360	127335.0	125270.0
-359	126344.0	125055.0
-358	126189.0	125671.0
-357	127535.0	125125.0
-356	126425.0	124781.0
-355	126352.0	125124.0
-354	127900.0	125396.0
-353	126722.0	124755.0
-352	126779.0	125734.0
-351	127460.0	125404.0
-350	127086.0	124996.0
-349	126835.0	125569.0
-348	127628.0	125418.0
-347	127111.0	124999.0
-346	126554.0	125553.0
-345	127559.0	125560.0
-344	126711.0	125079.0
-343	126744.0	125901.0
-342	127704.0	125851.0
-341	126846.0	125337.0
-340	126775.0	125647.0
-339	127603.0	125393.0
-338	126839.0	125126.0
-337	127021.0	125690.0
-336	127511.0	125768.0
-335	126897.0	124607.0
-334	127056.0	125629.0
-333	127855.0	125295.0
-332	127113.0	125350.0
-331	126999.0	125405.0
-330	127992.0	125225.0
-329	127189.0	125161.0
-328	126970.0	125575.0
-327	127809.0	125625.0
-326	127368.0	125207.0
-325	127130.0	125606.0
-324	128546.0	125662.0
-323	127248.0	125459.0
-322	126884.0	125714.0
-321	127790.0	125898.0
-320	127110.0	125336.0
-319	127140.0	125637.0
-318	128169.0	125751.0
-317	127496.0	125146.0
-316	127619.0	125320.0
-315	128205.0	125428.0
-314	127250.0	125552.0
-313	127403.0	126028.0
-312	128032.0	125880.0
-311	127384.0	125507.0
-310	127485.0	125671.0
-309	128555.0	125486.0
-308	127496.0	125130.0
-307	127797.0	125804.0
-306	128498.0	125694.0
-305	127466.0	125116.0
-304	127720.0	126125.0
-303	128323.0	125726.0
-302	127692.0	124911.0
-301	127352.0	125781.0
-300	128417.0	125663.0
-299	127655.0	125122.0
-298	127990.0	126001.0
-297	128562.0	125522.0
-296	127952.0	125182.0
-295	127700.0	125711.0
-294	128694.0	125719.0
-293	127595.0	125343.0
-292	127572.0	125746.0
-291	128498.0	125475.0
-290	127932.0	125167.0
-289	127626.0	125864.0
-288	128587.0	125551.0
-287	127425.0	125206.0
-286	127723.0	126259.0
-285	128755.0	125624.0
-284	127696.0	125099.0
-283	127909.0	126011.0
-282	128641.0	125983.0
-281	127571.0	125142.0
-280	127920.0	125897.0
-279	128631.0	125777.0
-278	127842.0	125251.0
-277	128037.0	125945.0
-276	128720.0	126176.0
-275	127680.0	125579.0
-274	128003.0	126154.0
-273	128996.0	125445.0
-272	127725.0	125253.0
-271	128167.0	126062.0
-270	128936.0	125214.0
-269	128240.0	125035.0
-268	127582.0	125768.0
-267	129010.0	125725.0
-266	127960.0	124977.0
-265	128103.0	126012.0
-264	128707.0	125808.0
-263	127693.0	125636.0
-262	127704.0	126087.0
-261	129046.0	125994.0
-260	128384.0	125483.0
-259	128121.0	126259.0
-258	129041.0	125716.0
-257	127962.0	125632.0
-256	128280.0	125910.0
-255	129092.0	125957.0
-254	127957.0	125560.0
-253	128636.0	126066.0
-252	129058.0	126082.0
-251	128431.0	125693.0
-250	128051.0	126420.0
-249	128829.0	126128.0
-248	128185.0	125978.0
-247	127855.0	126216.0
-246	128983.0	126344.0
-245	128036.0	125562.0
-244	128159.0	126435.0
-243	129099.0	125870.0
-242	127973.0	125527.0
-241	127771.0	126063.0
-240	129248.0	126140.0
-239	128455.0	125309.0
-238	128556.0	126292.0
-237	129145.0	126296.0
-236	128523.0	125452.0
-235	128520.0	126185.0
-234	129712.0	126080.0
-233	128489.0	125389.0
-232	128622.0	126412.0
-231	129614.0	126267.0
-230	128531.0	125782.0
-229	128628.0	126707.0
-228	129354.0	126386.0
-227	128812.0	125755.0
-226	128861.0	126654.0
-225	129570.0	125707.0
-224	128951.0	125099.0
-223	128581.0	126391.0
-222	129773.0	125984.0
-221	128960.0	125472.0
-220	128966.0	126176.0
-219	129623.0	126423.0
-218	128776.0	125466.0
-217	128854.0	126225.0
-216	130164.0	125849.0
-215	129299.0	125770.0
-214	128996.0	126102.0
-213	129871.0	126083.0
-212	128866.0	125573.0
-211	128695.0	126502.0
-210	130070.0	125917.0
-209	129240.0	126080.0
-208	129229.0	126129.0
-207	130371.0	126274.0
-206	128924.0	125804.0
-205	129362.0	127060.0
-204	130056.0	126265.0
-203	129225.0	125826.0
-202	129440.0	126546.0
-201	130335.0	126602.0
-200	129192.0	125757.0
-199	129509.0	126635.0
-198	130288.0	126607.0
-197	129048.0	125810.0
-196	129843.0	126431.0
-195	130535.0	126618.0
-194	129774.0	126023.0
-193	129340.0	126476.0
-192	130392.0	126895.0
-191	129470.0	125897.0
-190	129472.0	126483.0
-189	130580.0	126798.0
-188	129433.0	126019.0
-187	129585.0	126631.0
-186	130404.0	126193.0
-185	129237.0	125808.0
-184	129710.0	126851.0
-183	130524.0	126677.0
-182	129095.0	126338.0
-181	129299.0	126874.0
-180	130428.0	126639.0
-179	129333.0	126395.0
-178	129300.0	126813.0
-177	130478.0	126762.0
-176	129410.0	126223.0
-175	129445.0	126565.0
-174	130534.0	126610.0
-173	129524.0	125744.0
-172	130157.0	126787.0
-171	130672.0	126695.0
-170	129319.0	126030.0
-169	129725.0	127090.0
-168	130956.0	127273.0
-167	129555.0	126284.0
-166	129756.0	127108.0
-165	130849.0	126635.0
-164	129920.0	126343.0
-163	129736.0	126745.0
-162	130736.0	126782.0
-161	129621.0	126551.0
-160	129689.0	127259.0
-159	131331.0	126794.0
-158	130185.0	126418.0
-157	130056.0	126935.0
-156	131520.0	126640.0
-155	130341.0	126647.0
-154	130539.0	127291.0
-153	131466.0	127268.0
-152	130422.0	126949.0
-151	130558.0	127591.0
-150	131254.0	127374.0
-149	130806.0	126564.0
-148	130475.0	127453.0
-147	131637.0	127100.0
-146	130759.0	126777.0
-145	131045.0	127039.0
-144	132680.0	126850.0
-143	131444.0	126491.0
-142	131217.0	127367.0
-141	132379.0	127089.0
-140	131473.0	126794.0
-139	131593.0	127307.0
-138	132506.0	127375.0
-137	131516.0	126602.0
-136	131515.0	127539.0
-135	133151.0	127510.0
-134	132208.0	126717.0
-133	132917.0	127397.0
-132	133718.0	127126.0
-131	132393.0	126982.0
-130	132301.0	127657.0
-129	133297.0	127696.0
-128	132369.0	126867.0
-127	132353.0	128198.0
-126	134143.0	127615.0
-125	132886.0	126939.0
-124	133050.0	127397.0
-123	134596.0	127392.0
-122	133199.0	126838.0
-121	133275.0	127670.0
-120	134460.0	127705.0
-119	133346.0	127175.0
-118	133343.0	128120.0
-117	134773.0	127567.0
-116	134143.0	127005.0
-115	134011.0	127718.0
-114	135545.0	127413.0
-113	134575.0	126958.0
-112	134787.0	127338.0
-111	135801.0	127339.0
-110	134601.0	127184.0
-109	134710.0	127868.0
-108	135689.0	127635.0
-107	134657.0	127133.0
-106	134788.0	128101.0
-105	136151.0	127832.0
-104	135487.0	126833.0
-103	135381.0	127995.0
-102	137145.0	127226.0
-101	135969.0	126987.0
-100	136012.0	127774.0
-99	137084.0	127906.0
-98	136328.0	127062.0
-97	136380.0	128375.0
-96	137211.0	128024.0
-95	136148.0	127026.0
-94	136547.0	127894.0
-93	137983.0	127751.0
-92	136716.0	127162.0
-91	137030.0	127632.0
-90	138494.0	127588.0
-89	137567.0	127092.0
-88	137372.0	127783.0
-87	138657.0	127700.0
-86	137589.0	127008.0
-85	137741.0	128254.0
-84	139133.0	128144.0
-83	137887.0	127675.0
-82	138048.0	128407.0
-81	139600.0	128342.0
-80	138510.0	127487.0
-79	138953.0	127911.0
-78	140159.0	128125.0
-77	138807.0	127425.0
-76	139204.0	128561.0
-75	140486.0	128293.0
-74	138927.0	127535.0
-73	139572.0	128677.0
-72	140732.0	128728.0
-71	139599.0	127737.0
-70	140216.0	128488.0
-69	141530.0	128261.0
-68	140443.0	127584.0
-67	140617.0	128725.0
-66	142117.0	128170.0
-65	140819.0	127320.0
-64	140729.0	128765.0
-63	142526.0	128582.0
-62	141264.0	127888.0
-61	141175.0	128964.0
-60	142297.0	128812.0
-59	141822.0	127645.0
-58	142139.0	128565.0
-57	143210.0	127890.0
-56	142733.0	127628.0
-55	142919.0	128504.0
-54	144110.0	128549.0
-53	142977.0	127751.0
-52	142999.0	128994.0
-51	144413.0	128827.0
-50	142610.0	128702.0
-49	143070.0	128917.0
-48	144612.0	128766.0
-47	143208.0	127815.0
-46	144176.0	128612.0
-45	145955.0	128375.0
-44	144243.0	127640.0
-43	144860.0	128735.0
-42	145800.0	129087.0
-41	144693.0	128290.0
-40	144750.0	129496.0
-39	146278.0	128988.0
-38	145198.0	128607.0
-37	145701.0	129140.0
-36	147312.0	128612.0
-35	146367.0	128046.0
-34	146989.0	128568.0
-33	148434.0	128715.0
-32	147092.0	128148.0
-31	147235.0	129383.0
-30	148306.0	129464.0
-29	147089.0	129061.0
-28	147095.0	129830.0
-27	148138.0	129527.0
-26	147215.0	128741.0
-25	147312.0	129174.0
-24	149626.0	128751.0
-23	147974.0	128465.0
-22	148694.0	129262.0
-21	150965.0	129706.0
-20	149634.0	128377.0
-19	149818.0	129926.0
-18	151752.0	130172.0
-17	150670.0	128881.0
-16	150882.0	130041.0
-15	152660.0	129698.0
-14	151850.0	128614.0
-13	152442.0	129677.0
-12	153481.0	129492.0
-11	151822.0	128707.0
-10	151328.0	130005.0
-9	151722.0	131017.0
-8	148739.0	130202.0
-7	148233.0	130782.0
-6	149117.0	130886.0
-5	148219.0	129348.0
-4	155537.0	127138.0
-3	160433.0	125130.0
-2	164832.0	122563.0
-1	163277.0	125773.0
0	7394.0	108849.0
1	162702.0	123005.0
2	164615.0	119052.0
3	159913.0	144129.0
4	155203.0	126849.0
5	147423.0	137479.0
6	148917.0	134141.0
7	147936.0	132232.0
8	147843.0	128670.0
9	150944.0	122959.0
10	150534.0	122201.0
11	151649.0	123535.0
12	152606.0	124967.0
13	151868.0	125584.0
14	151301.0	127263.0
15	152140.0	128430.0
16	150282.0	128833.0
17	150064.0	130630.0
18	150636.0	131274.0
19	148886.0	130942.0
20	148840.0	132043.0
21	149813.0	131593.0
22	148189.0	130457.0
23	147578.0	131048.0
24	148716.0	130656.0
25	147018.0	129326.0
26	146536.0	129958.0
27	147231.0	130115.0
28	146149.0	129233.0
29	145858.0	130271.0
30	147451.0	130349.0
31	146413.0	129850.0
32	146415.0	131340.0
33	147664.0	131546.0
34	145929.0	131531.0
35	145927.0	133052.0
36	146457.0	133198.0
37	144725.0	132882.0
38	144475.0	133681.0
39	144981.0	133135.0
40	144108.0	132537.0
41	143974.0	132930.0
42	144599.0	132957.0
43	143653.0	132196.0
44	143515.0	133116.0
45	144911.0	132754.0
46	143489.0	132266.0
47	142776.0	133714.0
48	143849.0	134037.0
49	142681.0	133225.0
50	141951.0	134484.0
51	143274.0	134559.0
52	142023.0	133824.0
53	141966.0	134673.0
54	143164.0	134433.0
55	141938.0	134128.0
56	141621.0	134696.0
57	142394.0	134820.0
58	141635.0	134392.0
59	140934.0	135279.0
60	141567.0	135249.0
61	140832.0	134524.0
62	140286.0	135565.0
63	141211.0	135081.0
64	139770.0	134379.0
65	139873.0	135658.0
66	140649.0	135773.0
67	139483.0	135155.0
68	139507.0	135855.0
69	140292.0	136028.0
70	138713.0	135647.0
71	138678.0	136395.0
72	139599.0	136640.0
73	138567.0	135895.0
74	138501.0	137081.0
75	139610.0	136819.0
76	138639.0	135914.0
77	137775.0	137095.0
78	139049.0	137512.0
79	137720.0	136650.0
80	137705.0	137656.0
81	138460.0	137675.0
82	137343.0	136757.0
83	137426.0	137697.0
84	138116.0	137664.0
85	136879.0	137317.0
86	136756.0	138306.0
87	137776.0	138233.0
88	136612.0	137909.0
89	136726.0	138687.0
90	137706.0	138290.0
91	136039.0	138095.0
92	135831.0	139121.0
93	136790.0	138880.0
94	135392.0	138832.0
95	135321.0	139546.0
96	136576.0	139389.0
97	135200.0	138563.0
98	135391.0	139193.0
99	136352.0	139416.0
100	134911.0	138853.0
101	134941.0	140100.0
102	135815.0	140288.0
103	134254.0	139983.0
104	134226.0	140413.0
105	135280.0	141096.0
106	133649.0	140061.0
107	133646.0	141754.0
108	135064.0	140653.0
109	133729.0	140402.0
110	133833.0	141582.0
111	134835.0	140989.0
112	133485.0	141064.0
113	133416.0	141684.0
114	134104.0	141864.0
115	133028.0	141303.0
116	132975.0	142421.0
117	133639.0	142585.0
118	132912.0	141862.0
119	132418.0	143256.0
120	133501.0	143152.0
121	132263.0	142206.0
122	132436.0	143531.0
123	132912.0	143006.0
124	131865.0	142364.0
125	131920.0	143480.0
126	132763.0	143785.0
127	131452.0	143485.0
128	131212.0	144702.0
129	132099.0	144494.0
130	131578.0	143922.0
131	131810.0	144757.0
132	131995.0	144598.0
133	131603.0	143947.0
134	131036.0	145351.0
135	131792.0	145414.0
136	130963.0	145037.0
137	131113.0	146256.0
138	131670.0	146362.0
139	130414.0	145373.0
140	130227.0	146478.0
141	131389.0	146326.0
142	130470.0	146001.0
143	130336.0	146792.0
144	131335.0	146400.0
145	130227.0	146203.0
146	130287.0	147453.0
147	130988.0	147023.0
148	130079.0	146749.0
149	129562.0	147699.0
150	130602.0	148016.0
151	129522.0	147277.0
152	129392.0	148491.0
153	130531.0	148270.0
154	129769.0	147359.0
155	129513.0	148412.0
156	130637.0	148794.0
157	129615.0	148054.0
158	129527.0	149427.0
159	130401.0	149188.0
160	129438.0	148575.0
161	129094.0	149970.0
162	129797.0	149848.0
163	128818.0	149200.0
164	129440.0	149863.0
165	130028.0	149808.0
166	128875.0	149444.0
167	129039.0	150645.0
168	129715.0	150259.0
169	128622.0	149849.0
170	128529.0	150446.0
171	129480.0	150656.0
172	128922.0	149835.0
173	128635.0	150745.0
174	129710.0	150372.0
175	128492.0	150229.0
176	128590.0	150656.0
177	129740.0	150764.0
178	128729.0	149373.0
179	128698.0	150217.0
180	129412.0	150061.0
181	128666.0	149446.0
182	128855.0	150158.0
183	129718.0	149467.0
184	128728.0	148879.0
185	128972.0	149080.0
186	129271.0	149108.0
187	128669.0	148348.0
188	128315.0	149175.0
189	129504.0	148608.0
190	128425.0	147836.0
191	128456.0	148393.0
192	129527.0	147640.0
193	128589.0	147130.0
194	128733.0	147661.0
195	129447.0	147209.0
196	128463.0	146333.0
197	128221.0	147313.0
198	129361.0	146933.0
199	128327.0	145628.0
200	128479.0	146249.0
201	128889.0	146262.0
202	128313.0	144924.0
203	128330.0	145914.0
204	129246.0	145764.0
205	128207.0	145106.0
206	128228.0	145445.0
207	128793.0	144962.0
208	128207.0	144051.0
209	128204.0	144444.0
210	128734.0	144510.0
211	128471.0	143507.0
212	127964.0	144065.0
213	128803.0	143753.0
214	128231.0	143113.0
215	128430.0	143781.0
216	128963.0	143530.0
217	127657.0	142571.0
218	127833.0	143348.0
219	128511.0	143028.0
220	127809.0	142457.0
221	128094.0	142438.0
222	128793.0	142355.0
223	128031.0	141286.0
224	128078.0	141728.0
225	128506.0	141505.0
226	127955.0	140723.0
227	127986.0	141537.0
228	128172.0	141049.0
229	127700.0	140431.0
230	127939.0	141202.0
231	128556.0	140516.0
232	127387.0	139498.0
233	127773.0	140413.0
234	128585.0	140548.0
235	127791.0	139130.0
236	128170.0	139654.0
237	128431.0	139287.0
238	127764.0	138873.0
239	128077.0	139200.0
240	128326.0	138916.0
241	127676.0	138395.0
242	127481.0	138929.0
243	128524.0	138172.0
244	127630.0	137980.0
245	127501.0	138713.0
246	128086.0	138323.0
247	127871.0	137125.0
248	127249.0	137766.0
249	128237.0	137782.0
250	127177.0	136705.0
251	127093.0	137864.0
252	127974.0	137250.0
253	126974.0	136414.0
254	127543.0	136783.0
255	128156.0	136639.0
256	127288.0	136144.0
257	127370.0	136585.0
258	128541.0	136311.0
259	126748.0	135462.0
260	127215.0	136223.0
261	127882.0	135632.0
262	126929.0	134886.0
263	126977.0	135843.0
264	127960.0	135242.0
265	127089.0	134380.0
266	127284.0	135322.0
267	127762.0	134897.0
268	127233.0	134509.0
269	126742.0	134819.0
270	127637.0	134565.0
271	126507.0	134070.0
272	127085.0	134387.0
273	127721.0	134047.0
274	126801.0	133541.0
275	126703.0	134286.0
276	127564.0	133976.0
277	126700.0	133300.0
278	126871.0	133787.0
279	127682.0	133621.0
280	126829.0	133010.0
281	126832.0	133985.0
282	127826.0	133467.0
283	127269.0	132777.0
284	127100.0	133381.0
285	127742.0	132762.0
286	126917.0	132035.0
287	126721.0	133202.0
288	127307.0	132642.0
289	126768.0	131714.0
290	126647.0	133017.0
291	127453.0	132081.0
292	126758.0	131812.0
293	126830.0	132154.0
294	127448.0	132042.0
295	126745.0	131185.0
296	126829.0	131929.0
297	127818.0	131810.0
298	126969.0	130819.0
299	126766.0	131744.0
300	127323.0	131294.0
301	126493.0	131047.0
302	126833.0	131325.0
303	127367.0	131381.0
304	126915.0	130448.0
305	126567.0	131042.0
306	127458.0	130690.0
307	126727.0	130519.0
308	127001.0	130687.0
309	127090.0	130558.0
310	126729.0	130060.0
311	126801.0	130739.0
312	127051.0	130550.0
313	126496.0	129651.0
314	126737.0	130644.0
315	127268.0	130200.0
316	126469.0	129714.0
317	126782.0	130561.0
318	127236.0	130072.0
319	126473.0	129582.0
320	126706.0	130455.0
321	127367.0	130085.0
322	126538.0	129482.0
323	126204.0	130560.0
324	127126.0	129987.0
325	126692.0	129393.0
326	126639.0	129533.0
327	127112.0	129756.0
328	126464.0	129042.0
329	126274.0	129534.0
330	126850.0	129274.0
331	126258.0	129064.0
332	126138.0	129865.0
333	127386.0	128849.0
334	126279.0	129052.0
335	126436.0	129643.0
336	126915.0	129501.0
337	126217.0	128928.0
338	125931.0	129747.0
339	126712.0	129480.0
340	125897.0	129061.0
341	126063.0	129309.0
342	126803.0	129019.0
343	126052.0	128502.0
344	125926.0	129342.0
345	126587.0	129043.0
346	126267.0	128660.0
347	125886.0	129242.0
348	126799.0	129189.0
349	126224.0	128363.0
350	126104.0	129808.0
351	126579.0	128940.0
352	125802.0	128464.0
353	125681.0	129559.0
354	126389.0	129323.0
355	125938.0	128393.0
356	125848.0	128952.0
357	126397.0	128998.0
358	125714.0	128258.0
359	125717.0	128898.0
360	126860.0	128534.0
361	125893.0	128312.0
362	125690.0	129021.0
363	126852.0	128861.0
364	125631.0	128471.0
365	125795.0	129229.0
366	126326.0	128698.0
367	125612.0	128325.0
368	126025.0	128604.0
369	126107.0	128760.0
370	125529.0	128079.0
371	125766.0	128915.0
372	126259.0	128690.0
373	125831.0	128127.0
374	125712.0	128786.0
375	126143.0	128638.0
376	125600.0	128141.0
377	125888.0	128648.0
378	126126.0	128293.0
379	125498.0	128006.0
380	125685.0	128677.0
381	126265.0	128485.0
382	125481.0	127949.0
383	125509.0	128636.0
384	126260.0	128578.0
385	125529.0	127729.0
386	125771.0	128288.0
387	126582.0	128432.0
388	125238.0	127825.0
389	125589.0	128031.0
390	126049.0	128130.0
391	125730.0	127799.0
392	125228.0	128163.0
393	126005.0	128394.0
394	125641.0	127847.0
395	125792.0	128203.0
396	126434.0	127662.0
397	125571.0	127512.0
398	125695.0	128004.0
399	125740.0	128078.0
400	125279.0	127977.0
401	125425.0	128355.0
402	125854.0	127984.0
403	125565.0	127204.0
404	125086.0	128302.0
405	125900.0	127872.0
406	125251.0	127389.0
407	125537.0	127895.0
408	126018.0	127735.0
409	125430.0	127063.0
410	125786.0	127295.0
411	125944.0	127678.0
412	125480.0	127449.0
413	125680.0	128344.0
414	126204.0	127531.0
415	125349.0	127417.0
416	125590.0	127719.0
417	126035.0	127649.0
418	125233.0	126996.0
419	125283.0	127928.0
420	126102.0	127429.0
421	125451.0	126870.0
422	125282.0	127674.0
423	125809.0	127649.0
424	125345.0	127335.0
425	125332.0	127499.0
426	125940.0	126897.0
427	125323.0	126951.0
428	125571.0	127252.0
429	125927.0	126924.0
430	125434.0	126449.0
431	125417.0	127509.0
432	125923.0	127230.0
433	125086.0	127080.0
434	125552.0	127330.0
435	125745.0	127113.0
436	125318.0	126947.0
437	125488.0	127648.0
438	126087.0	127068.0
439	125588.0	126418.0
440	125504.0	127419.0
441	126209.0	126877.0
442	125482.0	126815.0
443	125283.0	127227.0
444	125646.0	126798.0
445	125373.0	126786.0
446	125236.0	127212.0
447	126051.0	126911.0
448	125280.0	126653.0
449	125586.0	126986.0
450	125876.0	127212.0
451	125239.0	126512.0
452	125401.0	127170.0
453	125790.0	127056.0
454	125557.0	126994.0
455	125577.0	127171.0
456	125847.0	126877.0
457	124849.0	126720.0
458	125347.0	126979.0
459	125653.0	126910.0
460	125147.0	126347.0
461	125360.0	126733.0
462	125736.0	126621.0
463	125256.0	126244.0
464	125614.0	126898.0
465	125899.0	126571.0
466	125259.0	126581.0
467	125395.0	126748.0
468	125709.0	126523.0
469	125095.0	126139.0
470	125239.0	126768.0
471	126317.0	126619.0
472	125004.0	126091.0
473	125011.0	126700.0
474	125469.0	126796.0
475	125032.0	126416.0
476	125404.0	126917.0
477	125977.0	126825.0
478	125402.0	125963.0
479	125611.0	126582.0
480	126053.0	126580.0
481	125487.0	126297.0
482	125548.0	126678.0
483	125905.0	126544.0
484	125295.0	126830.0
485	125140.0	126619.0
486	125566.0	126474.0
487	125228.0	126139.0
488	125395.0	126346.0
489	125944.0	126500.0
490	125183.0	126442.0
491	125302.0	126799.0
492	125720.0	126326.0
493	125281.0	126122.0
494	125279.0	126444.0
495	125825.0	126481.0
496	125419.0	126324.0
497	125349.0	126680.0
498	125722.0	126468.0
499	125124.0	126169.0
500	125051.0	126572.0
501	125706.0	126287.0
502	125419.0	125860.0
503	124935.0	126293.0
504	125776.0	126010.0
505	125464.0	125813.0
506	125250.0	126640.0
507	125568.0	125866.0
508	124861.0	125804.0
509	125149.0	126472.0
510	125815.0	126162.0
511	125193.0	126015.0
512	125247.0	125995.0
513	125791.0	125843.0
514	125392.0	125542.0
515	125280.0	125882.0
516	125610.0	125834.0
517	124752.0	125885.0
518	124962.0	126537.0
519	125407.0	125898.0
520	124615.0	125921.0
521	124762.0	126167.0
522	125397.0	126091.0
523	125001.0	125625.0
524	124740.0	126041.0
525	125679.0	125731.0
526	124800.0	125504.0
527	124838.0	125656.0
528	125590.0	126048.0
529	125041.0	125401.0
530	125005.0	125835.0
531	125148.0	125992.0
532	124976.0	125371.0
533	125033.0	125964.0
534	125377.0	125697.0
535	124760.0	125748.0
536	125082.0	126051.0
537	125457.0	125662.0
538	125173.0	125324.0
539	125067.0	126195.0
540	125174.0	125457.0
541	124978.0	125273.0
542	124823.0	126134.0
543	125382.0	125640.0
544	124894.0	125103.0
545	124793.0	125828.0
546	125386.0	125285.0
547	124684.0	125522.0
548	124531.0	125818.0
549	125291.0	125708.0
550	124742.0	125148.0
551	124813.0	125799.0
552	125240.0	125570.0
553	124549.0	125105.0
554	124623.0	125749.0
555	125134.0	125662.0
556	124447.0	125266.0
557	124764.0	125847.0
558	125475.0	125549.0
559	125058.0	125279.0
560	125020.0	126025.0
561	125337.0	125589.0
562	124453.0	125286.0
563	124634.0	125918.0
564	124835.0	125946.0
565	124279.0	125476.0
566	124682.0	125595.0
567	125241.0	125301.0
568	124509.0	125204.0
569	124440.0	125496.0
570	125017.0	125638.0
571	124649.0	125268.0
572	124529.0	125526.0
573	124912.0	125630.0
574	124833.0	124854.0
575	124832.0	125754.0
576	124933.0	125573.0
577	125044.0	125240.0
578	124628.0	125595.0
579	125551.0	124991.0
580	124510.0	125136.0
581	125067.0	125400.0
582	124883.0	125341.0
583	124325.0	125213.0
584	124754.0	125736.0
585	124742.0	125108.0
586	124652.0	125076.0
587	124742.0	125432.0
588	124864.0	125115.0
589	124267.0	125198.0
590	124413.0	125677.0
591	124853.0	125235.0
592	124154.0	125416.0
593	124338.0	125838.0
594	124948.0	125330.0
595	124533.0	125133.0
596	124268.0	125370.0
597	124913.0	125794.0
598	124499.0	125386.0
599	124338.0	125457.0
600	124793.0	125737.0
601	124494.0	125026.0
602	124522.0	125326.0
603	125058.0	125190.0
604	124465.0	124675.0
605	124694.0	125581.0
606	124926.0	125179.0
607	124717.0	124892.0
608	124402.0	125309.0
609	124934.0	125368.0
610	124716.0	125007.0
611	124561.0	125466.0
612	124742.0	125163.0
613	124163.0	125066.0
614	124237.0	125420.0
615	124919.0	125388.0
616	124259.0	125386.0
617	124325.0	125496.0
618	124782.0	125289.0
619	124854.0	124758.0
620	124024.0	125644.0
621	125023.0	125199.0
622	124440.0	124943.0
623	124484.0	125477.0
624	124501.0	125887.0
625	124446.0	124805.0
626	124119.0	125419.0
627	124691.0	124887.0
628	124651.0	125326.0
629	124504.0	125261.0
630	124611.0	125557.0
631	123858.0	124895.0
632	124446.0	125671.0
633	124460.0	125401.0
634	124150.0	125131.0
635	124267.0	125517.0
636	124658.0	125209.0
637	124324.0	124818.0
638	124291.0	124963.0
639	125293.0	125154.0
640	124138.0	124924.0
641	124795.0	125390.0
642	124708.0	125156.0
643	124456.0	125014.0
644	124364.0	125289.0
645	124532.0	125181.0
646	124525.0	124924.0
647	124211.0	125542.0
648	124235.0	125418.0
649	123989.0	125053.0
650	124313.0	125681.0
651	124528.0	124799.0
652	124107.0	125247.0
653	124278.0	125536.0
654	124575.0	125339.0
655	124358.0	125510.0
656	124234.0	125605.0
657	124793.0	125543.0
658	124596.0	125060.0
659	124298.0	125663.0
660	124610.0	125565.0
661	123961.0	125245.0
662	124104.0	125431.0
663	124897.0	125200.0
664	124262.0	124909.0
665	124084.0	125241.0
666	124847.0	125375.0
667	124471.0	125026.0
668	124310.0	125269.0
669	124375.0	125323.0
670	123794.0	124902.0
671	124171.0	125280.0
672	124701.0	125139.0
673	124357.0	124589.0
674	124257.0	125263.0
675	124468.0	124972.0
676	124537.0	124652.0
677	124213.0	125093.0
678	124647.0	125223.0
679	124120.0	124819.0
680	123734.0	125461.0
681	124451.0	125515.0
682	124019.0	124751.0
683	124225.0	125321.0
684	124372.0	125194.0
685	123903.0	124666.0
686	124011.0	125026.0
687	124341.0	124943.0
688	124120.0	124907.0
689	124158.0	125446.0
690	124381.0	125308.0
691	124196.0	125115.0
692	124221.0	125066.0
693	124539.0	125131.0
694	124475.0	124970.0
695	124574.0	125331.0
696	124449.0	124898.0
697	124428.0	124668.0
698	124336.0	125255.0
699	124435.0	124817.0
700	124068.0	124486.0
701	124052.0	124851.0
702	124355.0	125114.0
703	123962.0	124648.0
704	123979.0	125076.0
705	124670.0	125433.0
706	124291.0	124866.0
707	124084.0	124839.0
708	124507.0	124563.0
709	124192.0	124530.0
710	124224.0	125171.0
711	124401.0	125130.0
712	123901.0	124541.0
713	124169.0	124975.0
714	124685.0	124858.0
715	124256.0	124567.0
716	124192.0	124876.0
717	124729.0	124970.0
718	123941.0	124669.0
719	124044.0	125087.0
720	124338.0	124626.0
721	124057.0	124406.0
722	124058.0	124689.0
723	124597.0	124988.0
724	123645.0	124855.0
725	124332.0	125233.0
726	123853.0	124794.0
727	124265.0	124914.0
728	123930.0	125061.0
729	124733.0	124492.0
730	124387.0	124140.0
731	124118.0	124857.0
732	124327.0	124908.0
733	124339.0	124902.0
734	124252.0	125261.0
735	123968.0	125101.0
736	124523.0	124756.0
737	123789.0	125099.0
738	124665.0	124742.0
739	123974.0	124826.0
740	124240.0	124863.0
741	124614.0	124979.0
742	124075.0	124711.0
743	124264.0	124879.0
744	124583.0	124673.0
745	124513.0	124573.0
746	124299.0	125349.0
747	124323.0	125115.0
748	124035.0	124800.0
749	124256.0	125411.0
750	124332.0	124792.0
751	124208.0	124743.0
752	124320.0	125042.0
753	124359.0	124931.0
754	124096.0	124719.0
755	124037.0	125065.0
756	124408.0	124799.0
757	123802.0	124352.0
758	123812.0	124571.0
759	124375.0	124665.0
760	123825.0	124611.0
761	124192.0	124765.0
762	124527.0	124777.0
763	124270.0	124153.0
764	123993.0	124717.0
765	124306.0	124494.0
766	124352.0	124097.0
767	123874.0	124973.0
768	124465.0	124898.0
769	123889.0	124533.0
770	124185.0	124967.0
771	124021.0	124724.0
772	124090.0	124720.0
773	123944.0	125239.0
774	124689.0	124528.0
775	123845.0	124803.0
776	124046.0	124807.0
777	124721.0	124722.0
778	124206.0	124468.0
779	124304.0	125130.0
780	124403.0	124501.0
781	124296.0	124418.0
782	124247.0	124577.0
783	124735.0	124200.0
784	123861.0	124358.0
785	124033.0	124758.0
786	124642.0	124717.0
787	123782.0	124434.0
788	123758.0	124684.0
789	124366.0	124663.0
790	124004.0	124507.0
791	124052.0	124713.0
792	124245.0	124679.0
793	124308.0	124398.0
794	124238.0	124162.0
795	124270.0	124529.0
796	124042.0	124470.0
797	124438.0	124473.0
798	124534.0	124499.0
799	124207.0	124463.0
800	124539.0	124856.0
801	124216.0	124744.0
802	124007.0	124623.0
803	123998.0	124828.0
804	124449.0	124555.0
805	123989.0	124318.0
806	124003.0	124605.0
807	124491.0	124336.0
808	124072.0	124254.0
809	124091.0	124545.0
810	124548.0	124633.0
811	124207.0	124306.0
812	123842.0	124730.0
813	124447.0	124458.0
814	123829.0	124354.0
815	123760.0	124411.0
816	124435.0	124254.0
817	124145.0	124178.0
818	124139.0	124602.0
819	124229.0	124097.0
820	124204.0	124218.0
821	124413.0	124369.0
822	124280.0	124698.0
823	124087.0	124493.0
824	124157.0	124627.0
825	124280.0	124462.0
826	123801.0	123949.0
827	124065.0	124587.0
828	124446.0	124567.0
829	124224.0	124044.0
830	123758.0	124426.0
831	124442.0	124670.0
832	124060.0	124669.0
833	124093.0	124430.0
834	124493.0	124432.0
835	124404.0	124042.0
836	124121.0	124377.0
837	124332.0	124540.0
838	124074.0	124197.0
839	123785.0	124776.0
840	124016.0	124260.0
841	123351.0	124417.0
842	124101.0	124505.0
843	124160.0	124489.0
844	123798.0	124402.0
845	124001.0	124515.0
846	124206.0	124621.0
847	123983.0	124317.0
848	123855.0	124611.0
849	124046.0	124616.0
850	123748.0	124364.0
851	124074.0	124320.0
852	124292.0	124203.0
853	124205.0	124024.0
854	124110.0	124306.0
855	124070.0	124148.0
856	123978.0	123872.0
857	124065.0	124446.0
858	124014.0	124047.0
859	123714.0	124153.0
860	123860.0	124622.0
861	124293.0	124097.0
862	124059.0	124323.0
863	124409.0	124207.0
864	124716.0	124018.0
865	124269.0	123978.0
866	124596.0	124266.0
867	124004.0	124155.0
868	123857.0	124032.0
869	123913.0	124568.0
870	124434.0	123987.0
871	123986.0	124140.0
872	123568.0	124648.0
873	124031.0	123999.0
874	123525.0	124148.0
875	124285.0	124420.0
876	124106.0	124239.0
877	124338.0	124025.0
878	124304.0	124398.0
879	124481.0	123981.0
880	124539.0	123896.0
881	123868.0	124340.0
882	124210.0	124358.0
883	124103.0	123828.0
884	123537.0	123865.0
885	123974.0	124354.0
886	123891.0	124148.0
887	124019.0	124302.0
888	124371.0	124025.0
889	124287.0	123930.0
890	123982.0	124208.0
891	124035.0	124234.0
892	124316.0	123974.0
893	124333.0	124294.0
894	124678.0	124015.0
895	123928.0	124210.0
896	124195.0	123833.0
897	124478.0	124151.0
898	123952.0	124174.0
899	124027.0	124397.0
900	124450.0	124143.0
901	123986.0	123899.0
902	123728.0	124319.0
903	124201.0	124365.0
904	124172.0	124082.0
905	123686.0	124332.0
906	123829.0	124456.0
907	123913.0	124101.0
908	123656.0	124009.0
909	123958.0	123614.0
910	123311.0	123516.0
911	123448.0	124234.0
912	124109.0	123777.0
913	123622.0	123986.0
914	123184.0	124196.0
915	124091.0	123877.0
916	123837.0	124083.0
917	124170.0	124001.0
918	123919.0	124691.0
919	123891.0	123689.0
920	123891.0	124348.0
921	124088.0	124168.0
922	123748.0	123995.0
923	123802.0	124564.0
924	123925.0	124187.0
925	123948.0	123843.0
926	124085.0	123803.0
927	124275.0	123910.0
928	123935.0	123780.0
929	123760.0	123955.0
930	123989.0	124223.0
931	123840.0	124252.0
932	123915.0	124226.0
933	123752.0	124118.0
934	123883.0	123949.0
935	123849.0	124226.0
936	124056.0	124018.0
937	123863.0	124055.0
938	123644.0	124501.0
939	124230.0	124128.0
940	124282.0	123834.0
941	123477.0	124315.0
942	124056.0	124016.0
943	124144.0	124060.0
944	123681.0	124300.0
945	123994.0	123819.0
946	124081.0	123381.0
947	123860.0	124184.0
948	124313.0	123930.0
949	124076.0	123992.0
950	124080.0	124316.0
951	124020.0	124231.0
952	123434.0	124349.0
953	123518.0	124537.0
954	123671.0	124274.0
955	123897.0	123597.0
956	123751.0	124031.0
957	124129.0	123831.0
958	123719.0	124367.0
959	123604.0	124094.0
960	123993.0	124292.0
961	123493.0	123964.0
962	124036.0	124345.0
963	123996.0	124060.0
964	123605.0	124007.0
965	123558.0	123876.0
966	123889.0	124196.0
967	123647.0	124105.0
968	123362.0	124464.0
969	123689.0	124456.0
970	123337.0	124396.0
971	123821.0	124113.0
972	123818.0	124363.0
973	123707.0	124247.0
974	123846.0	124268.0
975	123877.0	124134.0
976	123854.0	124059.0
977	123732.0	124282.0
978	123847.0	123876.0
979	123856.0	124542.0
980	123644.0	124166.0
981	123703.0	124145.0
982	123714.0	124227.0
983	123327.0	123931.0
984	123483.0	123731.0
985	123406.0	124386.0
986	123430.0	124523.0
987	123948.0	123944.0
988	123313.0	124171.0
989	123327.0	124270.0
990	123760.0	124190.0
991	123332.0	124315.0
992	123604.0	124471.0
993	123478.0	124102.0
994	123213.0	124292.0
995	123124.0	124595.0
996	123182.0	124661.0
997	123266.0	124212.0
998	123529.0	123763.0
999	123683.0	123924.0
1000	123246.0	123999.0
1001	123399.0	124254.0
1002	123729.0	124077.0
1003	123776.0	124174.0
1004	123093.0	124053.0
1005	123434.0	124395.0
1006	123270.0	124210.0
1007	122814.0	124501.0
1008	123171.0	124393.0
1009	123227.0	123921.0
1010	123066.0	124042.0
1011	123532.0	124136.0
1012	123126.0	124044.0
1013	123160.0	123866.0
1014	123662.0	124364.0
1015	123520.0	124042.0
1016	123097.0	124203.0
1017	123120.0	124362.0
1018	122951.0	123880.0
1019	123279.0	124348.0
1020	123081.0	123986.0
1021	123492.0	123827.0
1022	123255.0	124183.0
1023	123260.0	123954.0
1024	123271.0	123851.0
1025	122763.0	124612.0
1026	122747.0	123889.0
1027	122645.0	124469.0
1028	123181.0	124434.0
1029	123411.0	124186.0
1030	122793.0	123915.0
1031	123264.0	124180.0
1032	123132.0	124153.0
1033	122980.0	123990.0
1034	123014.0	123916.0
1035	123085.0	124136.0
1036	122561.0	124082.0
1037	123121.0	124286.0
1038	123005.0	123944.0
1039	122697.0	123736.0
1040	122736.0	124169.0
1041	122753.0	124212.0
1042	122786.0	124139.0
1043	123002.0	124284.0
1044	123225.0	124117.0
1045	122418.0	124022.0
1046	123178.0	124057.0
1047	123224.0	123725.0
1048	123032.0	124282.0
1049	122628.0	124273.0
1050	122933.0	123889.0
1051	122759.0	123708.0
1052	122497.0	124070.0
1053	122563.0	123808.0
1054	122254.0	124174.0
1055	122625.0	124236.0
1056	122462.0	123552.0
1057	122294.0	124023.0
1058	122524.0	124059.0
1059	122945.0	123817.0
1060	122788.0	123925.0
1061	122991.0	123975.0
1062	122831.0	124145.0
1063	123136.0	123516.0
1064	122794.0	124066.0
1065	123083.0	123751.0
1066	123061.0	123711.0
1067	122829.0	123922.0
1068	122880.0	123520.0
1069	122758.0	123870.0
1070	122737.0	124001.0
1071	122999.0	124002.0
1072	122400.0	123831.0
1073	122695.0	124105.0
1074	123179.0	123600.0
1075	122659.0	123764.0
1076	122490.0	123605.0
1077	122489.0	124164.0
1078	122584.0	123678.0
1079	122285.0	124099.0
1080	122942.0	123845.0
1081	122421.0	123453.0
1082	122914.0	123891.0
1083	122889.0	123954.0
1084	122816.0	123961.0
1085	122597.0	123790.0
1086	122792.0	123332.0
1087	122606.0	123633.0
1088	122584.0	123820.0
1089	122752.0	123850.0
1090	122344.0	123622.0
1091	122343.0	123614.0
1092	122895.0	123502.0
1093	122299.0	123655.0
1094	122698.0	123486.0
1095	122929.0	123650.0
1096	122156.0	123350.0
1097	122534.0	123780.0
1098	122674.0	123665.0
1099	122657.0	123615.0
1100	122909.0	123339.0
1101	123017.0	123341.0
1102	122754.0	123315.0
1103	122652.0	123849.0
1104	123236.0	123342.0
1105	122630.0	123579.0
1106	122603.0	123782.0
1107	122583.0	123820.0
1108	122860.0	123649.0
1109	122456.0	123886.0
1110	122743.0	123534.0
1111	122701.0	123566.0
1112	122721.0	123178.0
1113	122869.0	123537.0
1114	122725.0	123175.0
1115	122888.0	123760.0
1116	123344.0	123665.0
1117	122674.0	123488.0
1118	122836.0	123785.0
1119	122850.0	123397.0
1120	122374.0	123731.0
1121	122794.0	123796.0
1122	122844.0	123629.0
1123	122722.0	123526.0
1124	122692.0	123623.0
1125	122532.0	123453.0
1126	122655.0	123836.0
1127	122219.0	123524.0
1128	122452.0	123795.0
1129	122587.0	123379.0
1130	122621.0	123365.0
1131	122675.0	123586.0
1132	122769.0	123345.0
1133	122979.0	123506.0
1134	122949.0	123626.0
1135	122589.0	123833.0
1136	122620.0	123285.0
1137	122666.0	123871.0
1138	122664.0	123729.0
1139	122459.0	123675.0
1140	123184.0	123387.0
1141	122788.0	123587.0
1142	122552.0	123620.0
1143	122609.0	123577.0
1144	122950.0	123336.0
1145	122879.0	123285.0
1146	123078.0	123426.0
1147	122622.0	123352.0
1148	122658.0	123332.0
1149	122961.0	123115.0
1150	122968.0	123451.0
1151	122621.0	123577.0
1152	123167.0	123430.0
1153	122640.0	123568.0
1154	122643.0	123430.0
1155	122976.0	122930.0
1156	122543.0	123188.0
1157	122849.0	123553.0
1158	122858.0	123226.0
1159	122841.0	123236.0
1160	122708.0	123174.0
1161	122817.0	123355.0
1162	122655.0	123398.0
1163	122792.0	123223.0
1164	122730.0	123538.0
1165	122758.0	123294.0
1166	122905.0	123625.0
1167	122538.0	123071.0
1168	122757.0	123386.0
1169	122529.0	123383.0
1170	122992.0	123499.0
1171	122710.0	123288.0
1172	122742.0	123110.0
1173	122926.0	123092.0
1174	122831.0	123101.0
1175	122683.0	123441.0
1176	122645.0	123039.0
1177	122775.0	123279.0
1178	122521.0	122769.0
1179	122774.0	122675.0
1180	122560.0	123201.0
1181	122495.0	123056.0
1182	122908.0	123279.0
1183	122868.0	123339.0
1184	122622.0	123612.0
1185	122986.0	123129.0
1186	122762.0	123262.0
1187	123156.0	122996.0
1188	123205.0	123076.0
1189	122955.0	122982.0
1190	122603.0	123028.0
1191	122810.0	122727.0
1192	122583.0	123038.0
1193	122765.0	122753.0
1194	123101.0	123107.0
1195	122660.0	123061.0
1196	122805.0	123101.0
1197	122775.0	122939.0
1198	122744.0	122649.0
1199	122766.0	122975.0
1200	122599.0	122968.0
1201	122576.0	122954.0
1202	122384.0	123331.0
1203	122496.0	122911.0
1204	122512.0	122843.0
1205	122692.0	123111.0
1206	123122.0	122950.0
1207	122633.0	122930.0
1208	122511.0	123109.0
1209	122647.0	122770.0
1210	122334.0	122527.0
1211	122739.0	122758.0
1212	122860.0	123216.0
1213	122655.0	122762.0
1214	122787.0	123205.0
1215	122397.0	123062.0
1216	122712.0	122825.0
1217	122514.0	123216.0
1218	122688.0	122632.0
1219	122317.0	122780.0
1220	122264.0	123193.0
1221	122192.0	123264.0
1222	122409.0	123041.0
1223	122562.0	122536.0
1224	122654.0	122690.0
1225	122434.0	122905.0
1226	122569.0	123380.0
1227	122477.0	122614.0
1228	122312.0	122753.0
1229	122338.0	123049.0
1230	122564.0	122894.0
1231	122712.0	122773.0
1232	122710.0	123001.0
1233	122970.0	122669.0
1234	122692.0	122772.0
1235	122604.0	122865.0
1236	122850.0	122980.0
1237	122411.0	122508.0
1238	122284.0	122921.0
1239	122698.0	122936.0
1240	122540.0	122643.0
1241	122669.0	122651.0
1242	122791.0	122879.0
1243	122580.0	122304.0
1244	122824.0	122763.0
1245	122778.0	122453.0
1246	122667.0	122508.0
1247	122169.0	122831.0
1248	122502.0	123057.0
1249	122489.0	122818.0
1250	122320.0	122583.0
1251	122428.0	122740.0
1252	122550.0	122384.0
1253	122499.0	122641.0
1254	122825.0	122397.0
1255	122232.0	122495.0
1256	122318.0	122526.0
1257	122606.0	122596.0
1258	122222.0	122668.0
1259	122053.0	122687.0
1260	122535.0	122895.0
1261	122542.0	123098.0
1262	122164.0	122921.0
1263	122407.0	122399.0
1264	122159.0	122557.0
1265	122546.0	122612.0
1266	122234.0	122400.0
1267	122373.0	122319.0
1268	122692.0	122380.0
1269	122351.0	122574.0
1270	122586.0	122327.0
1271	122344.0	122791.0
1272	122477.0	122581.0
1273	122326.0	122738.0
1274	122383.0	123146.0
1275	122189.0	122749.0
1276	122205.0	122923.0
1277	122165.0	122994.0
1278	122371.0	123155.0
1279	122312.0	122836.0
1280	122453.0	122753.0
1281	122530.0	122589.0
1282	122147.0	122633.0
1283	122094.0	122889.0
1284	122450.0	122678.0
1285	122411.0	122562.0
1286	122491.0	122486.0
1287	122094.0	122687.0
1288	122407.0	122499.0
1289	122256.0	122900.0
1290	122599.0	122839.0
1291	122322.0	122470.0
1292	122305.0	122907.0
1293	122564.0	122846.0
1294	122576.0	122423.0
1295	122580.0	122776.0
1296	122564.0	122660.0
1297	121931.0	122633.0
1298	122329.0	123238.0
1299	122648.0	122901.0
1300	122398.0	122870.0
1301	122205.0	122617.0
1302	122580.0	122420.0
1303	122401.0	122846.0
1304	122223.0	122683.0
1305	121969.0	122446.0
1306	121974.0	123184.0
1307	121948.0	122634.0
1308	122300.0	122729.0
1309	122316.0	122845.0
1310	122274.0	122850.0
1311	122378.0	122699.0
1312	122393.0	122916.0
1313	122468.0	122940.0
1314	122044.0	122774.0
1315	122235.0	123167.0
1316	122175.0	123016.0
1317	122222.0	123240.0
1318	122376.0	122931.0
1319	122616.0	123071.0
1320	122685.0	122705.0
1321	122353.0	122673.0
1322	122516.0	122958.0
1323	122192.0	122777.0
1324	122591.0	122776.0
1325	122069.0	122982.0
1326	122776.0	123057.0
1327	121894.0	123120.0
1328	122539.0	122692.0
1329	122416.0	122742.0
1330	122363.0	122730.0
1331	122330.0	122965.0
1332	122485.0	122416.0
1333	122321.0	122960.0
1334	122253.0	122639.0
1335	122460.0	122938.0
1336	122222.0	122781.0
1337	121936.0	123004.0
1338	122298.0	123059.0
1339	122035.0	122906.0
1340	122101.0	122985.0
1341	122300.0	122866.0
1342	122008.0	122653.0
1343	122143.0	122601.0
1344	122551.0	122331.0
1345	121993.0	122682.0
1346	121994.0	122503.0
1347	122573.0	122529.0
1348	122030.0	122670.0
1349	121921.0	123008.0
1350	122640.0	122937.0
1351	122037.0	122680.0
1352	121928.0	123057.0
1353	121917.0	122742.0
1354	122358.0	122760.0
1355	122360.0	122733.0
1356	121962.0	122653.0
1357	121996.0	122831.0
1358	121818.0	122985.0
1359	122379.0	122725.0
1360	121873.0	122602.0
1361	121638.0	122811.0
1362	122250.0	122580.0
1363	122076.0	122665.0
1364	122226.0	122994.0
1365	122055.0	122814.0
1366	122282.0	122314.0
1367	121976.0	122916.0
1368	122500.0	122611.0
1369	121732.0	122829.0
1370	122139.0	122623.0
1371	122190.0	122958.0
1372	122307.0	122870.0
1373	122038.0	122927.0
1374	122575.0	122848.0
1375	122207.0	122860.0
1376	121836.0	122465.0
1377	122010.0	122830.0
1378	121922.0	122706.0
1379	121982.0	122735.0
1380	122197.0	122946.0
1381	122099.0	122603.0
1382	122333.0	122681.0
1383	122236.0	122758.0
1384	122373.0	122500.0
1385	122037.0	122777.0
1386	122024.0	122310.0
1387	121975.0	122920.0
1388	122037.0	122421.0
1389	122167.0	122172.0
1390	121707.0	122649.0
1391	122175.0	122682.0
1392	122249.0	122522.0
1393	121824.0	122637.0
1394	122216.0	122581.0
1395	122223.0	122566.0
1396	122090.0	122503.0
1397	121739.0	122896.0
1398	121778.0	122946.0
1399	122227.0	123043.0
1400	121931.0	122860.0
1401	121988.0	122745.0
1402	121880.0	122674.0
1403	121955.0	123152.0
1404	122288.0	122594.0
1405	122091.0	122783.0
1406	121874.0	123189.0
1407	122054.0	122693.0
1408	121779.0	122662.0
1409	122049.0	122602.0
1410	122015.0	122960.0
1411	122291.0	122582.0
1412	122278.0	122569.0
1413	122097.0	122732.0
1414	122229.0	122330.0
1415	122043.0	122591.0
1416	122133.0	122519.0
1417	121698.0	122611.0
1418	122101.0	122633.0
1419	121913.0	122618.0
1420	122004.0	122617.0
1421	121972.0	122632.0
1422	122354.0	122680.0
1423	121770.0	122230.0
1424	121688.0	122663.0
1425	122218.0	122697.0
1426	121982.0	122228.0
1427	121952.0	122798.0
1428	121883.0	122526.0
1429	121766.0	122364.0
1430	121516.0	122685.0
1431	121869.0	122511.0
1432	122069.0	122487.0
1433	122104.0	122681.0
1434	122210.0	122232.0
1435	122046.0	122832.0
1436	122087.0	122443.0
1437	122473.0	122523.0
1438	122075.0	122483.0
1439	122081.0	123093.0
1440	122229.0	122602.0
1441	122177.0	122531.0
1442	122089.0	122540.0
1443	122373.0	122392.0
1444	122199.0	122194.0
1445	121928.0	122333.0
1446	122511.0	122767.0
1447	122190.0	122590.0
1448	121907.0	122413.0
1449	121933.0	122443.0
1450	121866.0	122464.0
1451	122072.0	122350.0
1452	122352.0	122265.0
1453	122007.0	122103.0
1454	121781.0	122286.0
1455	122067.0	122245.0
1456	122113.0	122069.0
1457	122131.0	122646.0
1458	121996.0	122485.0
1459	121737.0	121993.0
1460	122270.0	122668.0
1461	122011.0	122400.0
1462	122288.0	122187.0
1463	122005.0	122555.0
1464	122280.0	122313.0
1465	122249.0	122328.0
1466	122257.0	122135.0
1467	122306.0	122156.0
1468	121961.0	121919.0
1469	121810.0	122153.0
1470	122025.0	122390.0
1471	122160.0	122578.0
1472	121712.0	122409.0
1473	122400.0	122225.0
1474	122106.0	122496.0
1475	122179.0	122530.0
1476	122184.0	122223.0
1477	122347.0	122347.0
1478	122479.0	122134.0
1479	122334.0	122200.0
1480	122184.0	122071.0
1481	122394.0	122170.0
1482	122460.0	121675.0
1483	122331.0	122151.0
1484	122076.0	122486.0
1485	122794.0	122746.0
1486	122521.0	122239.0
1487	122174.0	122552.0
1488	121967.0	122158.0
1489	122102.0	122378.0
1490	122024.0	122013.0
1491	122000.0	122447.0
1492	122269.0	122334.0
1493	122337.0	122276.0
1494	122249.0	122442.0
1495	122388.0	122045.0
1496	122111.0	122069.0
1497	122249.0	122241.0
1498	122129.0	122529.0
1499	122311.0	122621.0
1500	122429.0	122181.0
1501	122417.0	122600.0
1502	122204.0	122285.0
1503	122714.0	122343.0
1504	122009.0	122219.0
1505	122025.0	122444.0
1506	122522.0	122364.0
1507	122421.0	122063.0
1508	122291.0	122313.0
1509	122464.0	122164.0
1510	122338.0	122257.0
1511	122047.0	122342.0
1512	122537.0	122305.0
1513	122117.0	122555.0
1514	122154.0	122506.0
1515	122171.0	122201.0
1516	122137.0	122368.0
1517	121992.0	122442.0
1518	122028.0	122534.0
1519	122205.0	122396.0
1520	122191.0	122266.0
1521	122073.0	122262.0
1522	122029.0	122431.0
1523	122109.0	122078.0
1524	122399.0	122344.0
1525	122535.0	122253.0
1526	122209.0	122246.0
1527	121901.0	122650.0
1528	122252.0	122148.0
1529	122001.0	122601.0
1530	122270.0	122236.0
1531	122164.0	122659.0
1532	122274.0	122314.0
1533	122337.0	122278.0
1534	122162.0	122586.0
1535	122221.0	122431.0
1536	122295.0	122255.0
1537	122363.0	122244.0
1538	122080.0	122507.0
1539	121855.0	122324.0
1540	122074.0	122476.0
1541	122053.0	122249.0
1542	122013.0	122097.0
1543	122106.0	122253.0
1544	122271.0	122148.0
1545	121793.0	122456.0
1546	122096.0	122576.0
1547	122483.0	122832.0
1548	122211.0	122374.0
1549	122001.0	122657.0
1550	122441.0	122367.0
1551	122501.0	122223.0
1552	122481.0	122229.0
1553	122245.0	122611.0
1554	122260.0	122260.0
1555	121987.0	122374.0
1556	121659.0	122606.0
1557	122001.0	122588.0
1558	121956.0	122353.0
1559	121916.0	122593.0
1560	121849.0	122365.0
1561	122081.0	122531.0
1562	122357.0	122328.0
1563	122206.0	122307.0
1564	122029.0	122678.0
1565	122232.0	122463.0
1566	122179.0	122134.0
1567	122066.0	122277.0
1568	122194.0	122464.0
1569	122161.0	122495.0
1570	122137.0	122819.0
1571	122349.0	122307.0
1572	122023.0	122092.0
1573	121999.0	122411.0
1574	122141.0	122544.0
1575	122410.0	122188.0
1576	122212.0	122093.0
1577	121975.0	122361.0
1578	122271.0	122555.0
1579	122099.0	122224.0
1580	122008.0	122550.0
1581	122315.0	122207.0
1582	122169.0	122805.0
1583	122092.0	122690.0
1584	122316.0	122168.0
1585	122159.0	122613.0
1586	122150.0	122161.0
1587	122470.0	122220.0
1588	122450.0	122346.0
1589	121920.0	122490.0
1590	122456.0	122473.0
1591	121857.0	122441.0
1592	122581.0	121808.0
1593	122156.0	122493.0
1594	122492.0	122598.0
1595	122129.0	122055.0
1596	122292.0	122098.0
1597	122284.0	122351.0
1598	122311.0	122432.0
1599	122379.0	122136.0
1600	122017.0	122495.0
1601	122023.0	122197.0
1602	122082.0	122919.0
1603	122053.0	122391.0
1604	122097.0	121996.0
1605	122419.0	122540.0
1606	122005.0	122192.0
1607	122228.0	122250.0
1608	122308.0	122308.0
1609	122073.0	122000.0
1610	122283.0	122102.0
1611	122463.0	122002.0
1612	122139.0	122467.0
1613	122412.0	122539.0
1614	122131.0	122353.0
1615	122140.0	122360.0
1616	122204.0	122837.0
1617	122302.0	122318.0
1618	121963.0	122233.0
1619	121848.0	122628.0
1620	122013.0	122359.0
1621	122015.0	122444.0
1622	122180.0	122559.0
1623	122126.0	122221.0
1624	121544.0	122275.0
1625	121987.0	122343.0
1626	122251.0	122265.0
1627	122110.0	122358.0
1628	121793.0	122363.0
1629	122281.0	122641.0
1630	122108.0	122525.0
1631	121628.0	122676.0
1632	122340.0	122172.0
1633	121638.0	122635.0
1634	122169.0	122276.0
1635	121526.0	122547.0
1636	121829.0	122470.0
1637	121899.0	122337.0
1638	122095.0	122464.0
1639	121552.0	122495.0
1640	122087.0	122618.0
1641	122236.0	122391.0
1642	121950.0	122186.0
1643	122046.0	122490.0
1644	122258.0	122452.0
1645	121791.0	122493.0
1646	121809.0	122507.0
1647	121830.0	122591.0
1648	121686.0	122451.0
1649	121774.0	122398.0
1650	122059.0	122186.0
1651	121947.0	122331.0
1652	121996.0	122206.0
1653	121732.0	122605.0
1654	121895.0	122285.0
1655	122058.0	122807.0
1656	122002.0	122705.0
1657	121843.0	122520.0
1658	121889.0	122428.0
1659	121778.0	122511.0
1660	121857.0	122687.0
1661	121964.0	122361.0
1662	121742.0	122346.0
1663	121626.0	122413.0
1664	121826.0	122467.0
1665	122033.0	122181.0
1666	121832.0	122294.0
1667	122049.0	122521.0
1668	121659.0	122374.0
1669	121695.0	122543.0
1670	121869.0	122635.0
1671	122005.0	122459.0
1672	121622.0	122605.0
1673	122112.0	122517.0
1674	122054.0	122384.0
1675	121864.0	122466.0
1676	121805.0	122319.0
1677	121937.0	122104.0
1678	121609.0	122144.0
1679	121767.0	122475.0
1680	122146.0	122214.0
1681	121624.0	122428.0
1682	121998.0	122350.0
1683	122030.0	122420.0
1684	121856.0	122478.0
1685	122198.0	122545.0
1686	122119.0	122556.0
1687	121916.0	122207.0
1688	121993.0	122251.0
1689	121723.0	121886.0
1690	121896.0	122262.0
1691	121418.0	122315.0
1692	121512.0	122138.0
1693	121478.0	122587.0
1694	121722.0	122572.0
1695	121714.0	122509.0
1696	121394.0	122140.0
1697	121775.0	122321.0
1698	121585.0	122556.0
1699	121493.0	122635.0
1700	121659.0	122696.0
1701	121379.0	122871.0
1702	121553.0	122280.0
1703	121238.0	123014.0
1704	121374.0	122376.0
1705	121505.0	122844.0
1706	121366.0	122434.0
1707	121761.0	122651.0
1708	121152.0	122417.0
1709	121419.0	122602.0
1710	121565.0	122104.0
1711	121285.0	122507.0
1712	121457.0	122757.0
1713	121734.0	122439.0
1714	121474.0	122190.0
1715	121256.0	122537.0
1716	121613.0	122441.0
1717	121465.0	122565.0
1718	121455.0	122486.0
1719	121411.0	122647.0
1720	121675.0	122614.0
1721	121686.0	122278.0
1722	121519.0	122303.0
1723	121946.0	122380.0
1724	121751.0	122337.0
1725	121535.0	122349.0
1726	121746.0	122729.0
1727	121788.0	122247.0
1728	121999.0	122479.0
1729	121457.0	122301.0
1730	121675.0	122427.0
1731	121880.0	122585.0
1732	121599.0	122470.0
1733	121239.0	122249.0
1734	121603.0	121836.0
1735	121281.0	122716.0
1736	121328.0	122659.0
1737	121437.0	122525.0
1738	121299.0	122449.0
1739	121672.0	122528.0
1740	121567.0	122211.0
1741	121273.0	122396.0
1742	121530.0	122308.0
1743	121596.0	122411.0
1744	121736.0	122232.0
1745	121785.0	122255.0
1746	121751.0	122398.0
1747	121558.0	122238.0
1748	121632.0	122063.0
1749	121481.0	122345.0
1750	121431.0	122160.0
1751	121563.0	122893.0
1752	121412.0	122444.0
1753	121577.0	122641.0
1754	121472.0	122282.0
1755	121808.0	122258.0
1756	121277.0	122067.0
1757	121473.0	122551.0
1758	121243.0	122455.0
1759	121235.0	122116.0
1760	121119.0	122479.0
1761	121310.0	122390.0
1762	121356.0	122723.0
1763	121656.0	122625.0
1764	121774.0	122433.0
1765	121937.0	122439.0
1766	122029.0	122391.0
1767	121891.0	122260.0
1768	121456.0	122253.0
1769	121476.0	122086.0
1770	121557.0	121930.0
1771	121228.0	122430.0
1772	121483.0	122391.0
1773	121570.0	122389.0
1774	121490.0	122458.0
1775	121138.0	122174.0
1776	121547.0	122296.0
1777	121509.0	122425.0
1778	121490.0	122537.0
1779	121510.0	121911.0
1780	121552.0	121972.0
1781	121627.0	122529.0
1782	121240.0	122437.0
1783	121186.0	122194.0
1784	121436.0	122303.0
1785	121762.0	122307.0
1786	121549.0	122715.0
1787	121404.0	122265.0
1788	121614.0	122114.0
1789	121713.0	122422.0
1790	121609.0	122113.0
1791	121888.0	122126.0
1792	121556.0	122106.0
1793	121496.0	122237.0
1794	121389.0	122499.0
1795	122065.0	122490.0
1796	121489.0	122608.0
1797	121543.0	122745.0
1798	121722.0	122400.0
1799	121456.0	122449.0
1800	121384.0	122193.0
1801	121507.0	122687.0
1802	121436.0	122123.0
1803	121315.0	121972.0
1804	121451.0	122188.0
1805	121251.0	122431.0
1806	121355.0	121923.0
1807	121933.0	122116.0
1808	121559.0	122115.0
1809	121295.0	122421.0
1810	121799.0	122392.0
1811	121731.0	122233.0
1812	121425.0	122257.0
1813	121616.0	122420.0
1814	121751.0	122027.0
1815	121220.0	122057.0
1816	121894.0	122269.0
1817	121486.0	122398.0
1818	121704.0	122121.0
1819	121584.0	121953.0
1820	121621.0	122239.0
1821	121845.0	122305.0
1822	121901.0	122396.0
1823	121564.0	122160.0
1824	122052.0	122209.0
1825	121786.0	122451.0
1826	121838.0	122390.0
1827	121683.0	122068.0
1828	121390.0	122115.0
1829	121385.0	122236.0
1830	121589.0	122201.0
1831	121460.0	122459.0
1832	121604.0	122100.0
1833	121832.0	121446.0
1834	121427.0	121990.0
1835	121778.0	122389.0
1836	121474.0	122240.0
1837	121722.0	122199.0
1838	121660.0	122470.0
1839	121718.0	121923.0
1840	121678.0	121992.0
1841	121588.0	122185.0
1842	121795.0	121914.0
1843	121369.0	122090.0
1844	121386.0	122506.0
1845	121208.0	121983.0
1846	121629.0	122188.0
1847	121709.0	122055.0
1848	121736.0	121894.0
1849	121440.0	122167.0
1850	121653.0	122216.0
1851	121328.0	122411.0
1852	121741.0	122090.0
1853	121212.0	122493.0
1854	121257.0	122089.0
1855	121449.0	122368.0
1856	121165.0	121941.0
1857	121559.0	122155.0
1858	121670.0	122015.0
1859	121485.0	122176.0
1860	121672.0	122034.0
1861	121622.0	122085.0
1862	121602.0	122094.0
1863	121823.0	121975.0
1864	121607.0	121974.0
1865	121502.0	122060.0
1866	121624.0	122026.0
1867	121360.0	121660.0
1868	121493.0	122175.0
1869	121487.0	122070.0
1870	121642.0	122023.0
1871	121653.0	122026.0
1872	121551.0	121744.0
1873	121638.0	121504.0
1874	121997.0	121911.0
1875	121511.0	121812.0
1876	121590.0	121922.0
1877	121795.0	121816.0
1878	121464.0	122107.0
1879	121223.0	121885.0
1880	121417.0	122056.0
1881	121532.0	121721.0
1882	121403.0	121967.0
1883	121361.0	121653.0
1884	121503.0	121975.0
1885	121084.0	122017.0
1886	121798.0	121961.0
1887	121225.0	121560.0
1888	121576.0	121794.0
1889	121718.0	122313.0
1890	121527.0	122212.0
1891	121411.0	121687.0
1892	121119.0	122189.0
1893	121403.0	121560.0
1894	121294.0	121989.0
1895	120942.0	121756.0
1896	121495.0	122057.0
1897	121432.0	121823.0
1898	121204.0	121896.0
1899	121199.0	121603.0
1900	120701.0	122167.0
1901	121526.0	121749.0
1902	121391.0	122090.0
1903	121289.0	121684.0
1904	121223.0	121817.0
1905	121629.0	121672.0
1906	121515.0	121534.0
1907	121343.0	121795.0
1908	121960.0	121866.0
1909	121574.0	121800.0
1910	121625.0	121882.0
1911	121603.0	121709.0
1912	121576.0	121939.0
1913	121303.0	122034.0
1914	121639.0	122001.0
1915	121003.0	121852.0
1916	121730.0	121897.0
1917	121772.0	121984.0
1918	121247.0	121841.0
1919	121390.0	121878.0
1920	121562.0	121987.0
1921	121326.0	121902.0
1922	121768.0	121699.0
1923	121671.0	121884.0
1924	121619.0	121976.0
1925	121412.0	122289.0
1926	121546.0	121686.0
1927	121768.0	121570.0
1928	122025.0	121472.0
1929	121783.0	121822.0
1930	121368.0	121517.0
1931	121920.0	121919.0
1932	121657.0	121782.0
1933	121231.0	122123.0
1934	121264.0	121899.0
1935	121539.0	122172.0
1936	121754.0	121815.0
1937	121401.0	121894.0
1938	121629.0	121730.0
1939	121795.0	121908.0
1940	121535.0	121746.0
1941	121797.0	121814.0
1942	121789.0	121739.0
1943	121290.0	121656.0
1944	121586.0	121749.0
1945	121969.0	121584.0
1946	121580.0	122256.0
1947	121843.0	121747.0
1948	121663.0	121823.0
1949	121489.0	121891.0
1950	121732.0	121764.0
1951	121674.0	121871.0
1952	121578.0	121630.0
1953	121752.0	121496.0
1954	120931.0	121882.0
1955	121742.0	121767.0
1956	121307.0	121923.0
1957	121167.0	121970.0
1958	121276.0	121707.0
1959	121559.0	121501.0
1960	121581.0	121515.0
1961	121669.0	121757.0
1962	121579.0	121462.0
1963	121444.0	121673.0
1964	121530.0	121886.0
1965	121552.0	121820.0
1966	121471.0	121828.0
1967	121193.0	121851.0
1968	121395.0	121768.0
1969	121633.0	122014.0
1970	121373.0	121578.0
1971	121595.0	121903.0
1972	121198.0	121738.0
1973	121496.0	121797.0
1974	121032.0	122023.0
1975	121232.0	121874.0
1976	121466.0	121848.0
1977	121172.0	121978.0
1978	121300.0	121949.0
1979	121489.0	122034.0
1980	121413.0	121652.0
1981	121282.0	121888.0
1982	121069.0	122289.0
1983	121347.0	121593.0
1984	120994.0	122047.0
1985	121505.0	121964.0
1986	121274.0	121770.0
1987	121192.0	121693.0
1988	121359.0	121675.0
1989	121270.0	121549.0
1990	121247.0	122206.0
1991	121192.0	121903.0
1992	121422.0	121360.0
1993	121226.0	121939.0
1994	121582.0	121830.0
1995	121271.0	121780.0
1996	121421.0	121865.0
1997	121034.0	121919.0
1998	121512.0	122163.0
1999	121458.0	121979.0
