Distance in bp(Fragment Length Estimate: 137)(Peak Width Estimate: 137)	Same Strand (+ for Watson strand, - for Crick)	Opposite Strand
-2000	123507.0	123254.0
-1999	123556.0	123298.0
-1998	123667.0	123325.0
-1997	123616.0	123200.0
-1996	123628.0	123344.0
-1995	123597.0	123246.0
-1994	123603.0	123190.0
-1993	123705.0	123218.0
-1992	123536.0	123226.0
-1991	123578.0	123254.0
-1990	123609.0	123214.0
-1989	123640.0	123169.0
-1988	123617.0	123190.0
-1987	123577.0	123237.0
-1986	123633.0	123198.0
-1985	123739.0	123204.0
-1984	123605.0	123245.0
-1983	123676.0	123279.0
-1982	123678.0	123221.0
-1981	123599.0	123075.0
-1980	123685.0	123131.0
-1979	123647.0	123178.0
-1978	123662.0	123242.0
-1977	123630.0	123321.0
-1976	123610.0	123365.0
-1975	123666.0	123278.0
-1974	123644.0	123265.0
-1973	123704.0	123313.0
-1972	123588.0	123283.0
-1971	123634.0	123247.0
-1970	123787.0	123235.0
-1969	123706.0	123190.0
-1968	123613.0	123212.0
-1967	123745.0	123153.0
-1966	123830.0	123203.0
-1965	123778.0	123097.0
-1964	123690.0	123161.0
-1963	123640.0	123192.0
-1962	123731.0	123235.0
-1961	123707.0	123235.0
-1960	123716.0	123294.0
-1959	123790.0	123192.0
-1958	123809.0	123263.0
-1957	123692.0	123309.0
-1956	123767.0	123234.0
-1955	123765.0	123139.0
-1954	123718.0	123174.0
-1953	123706.0	123313.0
-1952	123699.0	123144.0
-1951	123727.0	123230.0
-1950	123799.0	123243.0
-1949	123793.0	123264.0
-1948	123712.0	123208.0
-1947	123716.0	123197.0
-1946	123665.0	123183.0
-1945	123620.0	123148.0
-1944	123651.0	123286.0
-1943	123663.0	123199.0
-1942	123699.0	123221.0
-1941	123606.0	123258.0
-1940	123710.0	123242.0
-1939	123623.0	123261.0
-1938	123648.0	123318.0
-1937	123620.0	123238.0
-1936	123617.0	123242.0
-1935	123677.0	123227.0
-1934	123569.0	123244.0
-1933	123631.0	123201.0
-1932	123517.0	123280.0
-1931	123624.0	123208.0
-1930	123663.0	123313.0
-1929	123577.0	123303.0
-1928	123635.0	123367.0
-1927	123638.0	123236.0
-1926	123578.0	123280.0
-1925	123615.0	123263.0
-1924	123626.0	123378.0
-1923	123638.0	123285.0
-1922	123507.0	123315.0
-1921	123548.0	123250.0
-1920	123460.0	123291.0
-1919	123429.0	123296.0
-1918	123503.0	123213.0
-1917	123629.0	123219.0
-1916	123483.0	123280.0
-1915	123510.0	123199.0
-1914	123540.0	123240.0
-1913	123410.0	123240.0
-1912	123437.0	123116.0
-1911	123500.0	123275.0
-1910	123553.0	123145.0
-1909	123371.0	123046.0
-1908	123460.0	123148.0
-1907	123374.0	123184.0
-1906	123478.0	123149.0
-1905	123384.0	123318.0
-1904	123320.0	123223.0
-1903	123421.0	123148.0
-1902	123329.0	123199.0
-1901	123313.0	123184.0
-1900	123248.0	123217.0
-1899	123187.0	123086.0
-1898	123303.0	123095.0
-1897	123117.0	123097.0
-1896	123204.0	123134.0
-1895	123194.0	123139.0
-1894	123244.0	123111.0
-1893	123128.0	123194.0
-1892	123298.0	123090.0
-1891	123189.0	123107.0
-1890	123093.0	123204.0
-1889	123132.0	123220.0
-1888	123046.0	123173.0
-1887	123163.0	123163.0
-1886	123131.0	123249.0
-1885	122988.0	123282.0
-1884	123093.0	123077.0
-1883	122948.0	123131.0
-1882	122996.0	123241.0
-1881	123029.0	123110.0
-1880	122823.0	123205.0
-1879	122909.0	123241.0
-1878	122954.0	123070.0
-1877	122863.0	123203.0
-1876	122873.0	123263.0
-1875	122844.0	123157.0
-1874	122833.0	123160.0
-1873	122896.0	123149.0
-1872	122895.0	123267.0
-1871	122879.0	123087.0
-1870	122722.0	123298.0
-1869	122753.0	123180.0
-1868	122807.0	123190.0
-1867	122660.0	123303.0
-1866	122810.0	123101.0
-1865	122773.0	123168.0
-1864	122710.0	123180.0
-1863	122797.0	123075.0
-1862	122726.0	123137.0
-1861	122662.0	123163.0
-1860	122697.0	123166.0
-1859	122718.0	123108.0
-1858	122636.0	123336.0
-1857	122749.0	123157.0
-1856	122667.0	123204.0
-1855	122589.0	123328.0
-1854	122651.0	123210.0
-1853	122704.0	123361.0
-1852	122577.0	123235.0
-1851	122582.0	123283.0
-1850	122613.0	123315.0
-1849	122584.0	123296.0
-1848	122501.0	123270.0
-1847	122465.0	123245.0
-1846	122552.0	123320.0
-1845	122565.0	123258.0
-1844	122515.0	123311.0
-1843	122454.0	123434.0
-1842	122539.0	123304.0
-1841	122434.0	123452.0
-1840	122543.0	123199.0
-1839	122602.0	123261.0
-1838	122527.0	123297.0
-1837	122511.0	123280.0
-1836	122457.0	123285.0
-1835	122579.0	123354.0
-1834	122511.0	123363.0
-1833	122475.0	123260.0
-1832	122442.0	123341.0
-1831	122512.0	123214.0
-1830	122407.0	123343.0
-1829	122412.0	123331.0
-1828	122414.0	123284.0
-1827	122377.0	123420.0
-1826	122402.0	123223.0
-1825	122467.0	123378.0
-1824	122464.0	123348.0
-1823	122520.0	123313.0
-1822	122348.0	123378.0
-1821	122457.0	123360.0
-1820	122357.0	123348.0
-1819	122338.0	123406.0
-1818	122366.0	123353.0
-1817	122272.0	123329.0
-1816	122427.0	123381.0
-1815	122392.0	123338.0
-1814	122344.0	123307.0
-1813	122290.0	123165.0
-1812	122383.0	123345.0
-1811	122395.0	123308.0
-1810	122367.0	123429.0
-1809	122289.0	123390.0
-1808	122195.0	123273.0
-1807	122252.0	123353.0
-1806	122271.0	123364.0
-1805	122252.0	123273.0
-1804	122306.0	123215.0
-1803	122157.0	123213.0
-1802	122228.0	123297.0
-1801	122250.0	123261.0
-1800	122186.0	123258.0
-1799	122216.0	123266.0
-1798	122175.0	123270.0
-1797	122161.0	123176.0
-1796	122228.0	123123.0
-1795	122207.0	123232.0
-1794	122203.0	123234.0
-1793	122194.0	123235.0
-1792	122123.0	123180.0
-1791	122181.0	123368.0
-1790	122165.0	123255.0
-1789	122132.0	123218.0
-1788	122182.0	123117.0
-1787	122184.0	123124.0
-1786	122080.0	123180.0
-1785	122214.0	123225.0
-1784	122211.0	123193.0
-1783	122185.0	123089.0
-1782	122092.0	123137.0
-1781	122220.0	123119.0
-1780	122243.0	123148.0
-1779	122288.0	123069.0
-1778	122273.0	122984.0
-1777	122299.0	123061.0
-1776	122212.0	123108.0
-1775	122270.0	123182.0
-1774	122217.0	123022.0
-1773	122257.0	123115.0
-1772	122266.0	123094.0
-1771	122267.0	123112.0
-1770	122316.0	123041.0
-1769	122382.0	122977.0
-1768	122200.0	123078.0
-1767	122304.0	123036.0
-1766	122214.0	123146.0
-1765	122503.0	122983.0
-1764	122351.0	123011.0
-1763	122409.0	122935.0
-1762	122374.0	122865.0
-1761	122373.0	122904.0
-1760	122295.0	122925.0
-1759	122269.0	122896.0
-1758	122315.0	122940.0
-1757	122269.0	122948.0
-1756	122465.0	122911.0
-1755	122318.0	122981.0
-1754	122435.0	122841.0
-1753	122434.0	122729.0
-1752	122371.0	122759.0
-1751	122442.0	122795.0
-1750	122298.0	122678.0
-1749	122405.0	122787.0
-1748	122371.0	122859.0
-1747	122397.0	122731.0
-1746	122360.0	122779.0
-1745	122356.0	122736.0
-1744	122440.0	122629.0
-1743	122524.0	122572.0
-1742	122532.0	122589.0
-1741	122517.0	122500.0
-1740	122578.0	122433.0
-1739	122473.0	122532.0
-1738	122551.0	122597.0
-1737	122493.0	122642.0
-1736	122525.0	122599.0
-1735	122522.0	122565.0
-1734	122579.0	122582.0
-1733	122524.0	122505.0
-1732	122576.0	122525.0
-1731	122516.0	122539.0
-1730	122602.0	122582.0
-1729	122667.0	122486.0
-1728	122661.0	122438.0
-1727	122625.0	122562.0
-1726	122609.0	122437.0
-1725	122668.0	122561.0
-1724	122655.0	122508.0
-1723	122690.0	122446.0
-1722	122699.0	122439.0
-1721	122762.0	122363.0
-1720	122723.0	122449.0
-1719	122674.0	122417.0
-1718	122676.0	122535.0
-1717	122631.0	122481.0
-1716	122744.0	122477.0
-1715	122717.0	122463.0
-1714	122784.0	122445.0
-1713	122790.0	122339.0
-1712	122665.0	122447.0
-1711	122862.0	122365.0
-1710	122799.0	122439.0
-1709	122781.0	122409.0
-1708	122877.0	122390.0
-1707	122924.0	122337.0
-1706	122926.0	122457.0
-1705	122962.0	122487.0
-1704	123038.0	122365.0
-1703	122994.0	122516.0
-1702	123080.0	122456.0
-1701	122947.0	122323.0
-1700	123068.0	122442.0
-1699	123057.0	122458.0
-1698	123197.0	122448.0
-1697	123091.0	122393.0
-1696	123069.0	122296.0
-1695	123069.0	122478.0
-1694	123276.0	122463.0
-1693	123237.0	122404.0
-1692	123202.0	122431.0
-1691	123229.0	122447.0
-1690	123229.0	122528.0
-1689	123334.0	122412.0
-1688	123337.0	122424.0
-1687	123268.0	122320.0
-1686	123316.0	122346.0
-1685	123368.0	122339.0
-1684	123319.0	122283.0
-1683	123312.0	122344.0
-1682	123316.0	122249.0
-1681	123548.0	122298.0
-1680	123394.0	122421.0
-1679	123392.0	122335.0
-1678	123490.0	122244.0
-1677	123432.0	122242.0
-1676	123564.0	122252.0
-1675	123592.0	122229.0
-1674	123550.0	122219.0
-1673	123568.0	122129.0
-1672	123488.0	122210.0
-1671	123537.0	122196.0
-1670	123531.0	122193.0
-1669	123506.0	122225.0
-1668	123582.0	122224.0
-1667	123552.0	122201.0
-1666	123607.0	122100.0
-1665	123564.0	122245.0
-1664	123670.0	122177.0
-1663	123627.0	122073.0
-1662	123640.0	122156.0
-1661	123615.0	122103.0
-1660	123698.0	122203.0
-1659	123569.0	122149.0
-1658	123652.0	122127.0
-1657	123651.0	122041.0
-1656	123761.0	122110.0
-1655	123729.0	122154.0
-1654	123674.0	122128.0
-1653	123749.0	122080.0
-1652	123736.0	122189.0
-1651	123735.0	122192.0
-1650	123738.0	122201.0
-1649	123747.0	122185.0
-1648	123838.0	122075.0
-1647	123794.0	122140.0
-1646	123754.0	122154.0
-1645	123822.0	122087.0
-1644	123762.0	122046.0
-1643	123820.0	122012.0
-1642	123823.0	122150.0
-1641	123843.0	122071.0
-1640	123758.0	122093.0
-1639	123824.0	122079.0
-1638	123801.0	122143.0
-1637	123820.0	122142.0
-1636	123846.0	122023.0
-1635	123846.0	122070.0
-1634	123802.0	122170.0
-1633	123916.0	122155.0
-1632	123831.0	122147.0
-1631	123868.0	122188.0
-1630	123960.0	122052.0
-1629	123914.0	122235.0
-1628	123909.0	122159.0
-1627	123906.0	122106.0
-1626	123904.0	122256.0
-1625	123848.0	122160.0
-1624	124018.0	122216.0
-1623	123964.0	122146.0
-1622	123939.0	122216.0
-1621	123884.0	122186.0
-1620	123898.0	122207.0
-1619	123966.0	122070.0
-1618	123829.0	122158.0
-1617	123953.0	122120.0
-1616	124048.0	122206.0
-1615	124016.0	122231.0
-1614	123952.0	122223.0
-1613	124091.0	122065.0
-1612	124020.0	122225.0
-1611	124221.0	122186.0
-1610	124037.0	122251.0
-1609	124080.0	122256.0
-1608	124128.0	122190.0
-1607	124033.0	122239.0
-1606	124097.0	122219.0
-1605	124081.0	122225.0
-1604	124034.0	122287.0
-1603	124216.0	122298.0
-1602	124134.0	122209.0
-1601	124146.0	122234.0
-1600	124055.0	122282.0
-1599	124148.0	122306.0
-1598	124195.0	122317.0
-1597	124240.0	122247.0
-1596	124270.0	122387.0
-1595	124315.0	122448.0
-1594	124270.0	122380.0
-1593	124171.0	122381.0
-1592	124119.0	122479.0
-1591	124123.0	122393.0
-1590	124256.0	122329.0
-1589	124141.0	122488.0
-1588	124143.0	122384.0
-1587	124215.0	122469.0
-1586	124182.0	122471.0
-1585	124318.0	122497.0
-1584	124296.0	122552.0
-1583	124134.0	122486.0
-1582	124339.0	122533.0
-1581	124244.0	122593.0
-1580	124301.0	122607.0
-1579	124262.0	122593.0
-1578	124182.0	122730.0
-1577	124219.0	122624.0
-1576	124282.0	122784.0
-1575	124291.0	122692.0
-1574	124230.0	122649.0
-1573	124246.0	122792.0
-1572	124281.0	122832.0
-1571	124324.0	122681.0
-1570	124219.0	122875.0
-1569	124215.0	122837.0
-1568	124318.0	122934.0
-1567	124261.0	122891.0
-1566	124358.0	122925.0
-1565	124358.0	122992.0
-1564	124268.0	122966.0
-1563	124285.0	123035.0
-1562	124362.0	122995.0
-1561	124272.0	123001.0
-1560	124352.0	123047.0
-1559	124337.0	123056.0
-1558	124265.0	123128.0
-1557	124417.0	123056.0
-1556	124425.0	123190.0
-1555	124324.0	123180.0
-1554	124302.0	123181.0
-1553	124361.0	123256.0
-1552	124524.0	123288.0
-1551	124363.0	123194.0
-1550	124375.0	123245.0
-1549	124409.0	123331.0
-1548	124340.0	123263.0
-1547	124407.0	123326.0
-1546	124352.0	123322.0
-1545	124418.0	123398.0
-1544	124297.0	123349.0
-1543	124506.0	123388.0
-1542	124358.0	123398.0
-1541	124420.0	123323.0
-1540	124454.0	123410.0
-1539	124377.0	123273.0
-1538	124461.0	123496.0
-1537	124414.0	123368.0
-1536	124452.0	123437.0
-1535	124560.0	123499.0
-1534	124417.0	123500.0
-1533	124492.0	123466.0
-1532	124415.0	123433.0
-1531	124496.0	123462.0
-1530	124503.0	123385.0
-1529	124497.0	123461.0
-1528	124458.0	123520.0
-1527	124473.0	123616.0
-1526	124425.0	123446.0
-1525	124466.0	123486.0
-1524	124505.0	123472.0
-1523	124460.0	123490.0
-1522	124626.0	123483.0
-1521	124473.0	123597.0
-1520	124424.0	123553.0
-1519	124533.0	123611.0
-1518	124574.0	123600.0
-1517	124540.0	123564.0
-1516	124503.0	123570.0
-1515	124585.0	123582.0
-1514	124542.0	123577.0
-1513	124598.0	123595.0
-1512	124427.0	123638.0
-1511	124459.0	123610.0
-1510	124461.0	123635.0
-1509	124548.0	123646.0
-1508	124480.0	123682.0
-1507	124605.0	123644.0
-1506	124537.0	123685.0
-1505	124475.0	123583.0
-1504	124505.0	123750.0
-1503	124541.0	123718.0
-1502	124467.0	123714.0
-1501	124574.0	123860.0
-1500	124575.0	123756.0
-1499	124481.0	123725.0
-1498	124509.0	123834.0
-1497	124429.0	123811.0
-1496	124424.0	123807.0
-1495	124591.0	123729.0
-1494	124546.0	123820.0
-1493	124613.0	123797.0
-1492	124531.0	123765.0
-1491	124539.0	123771.0
-1490	124564.0	123793.0
-1489	124568.0	123806.0
-1488	124519.0	123781.0
-1487	124577.0	123753.0
-1486	124489.0	123797.0
-1485	124650.0	123867.0
-1484	124571.0	123833.0
-1483	124591.0	123898.0
-1482	124639.0	123780.0
-1481	124513.0	123835.0
-1480	124653.0	123859.0
-1479	124588.0	123791.0
-1478	124665.0	123714.0
-1477	124560.0	123872.0
-1476	124682.0	123843.0
-1475	124594.0	123765.0
-1474	124548.0	123835.0
-1473	124593.0	123891.0
-1472	124609.0	123828.0
-1471	124707.0	123912.0
-1470	124575.0	123949.0
-1469	124606.0	123886.0
-1468	124555.0	123959.0
-1467	124744.0	123927.0
-1466	124647.0	124017.0
-1465	124507.0	123975.0
-1464	124671.0	124026.0
-1463	124631.0	123908.0
-1462	124610.0	123950.0
-1461	124610.0	124043.0
-1460	124480.0	124061.0
-1459	124652.0	123997.0
-1458	124621.0	123957.0
-1457	124562.0	123998.0
-1456	124504.0	124070.0
-1455	124554.0	124000.0
-1454	124550.0	123925.0
-1453	124504.0	124078.0
-1452	124475.0	123997.0
-1451	124413.0	124082.0
-1450	124447.0	123930.0
-1449	124516.0	124100.0
-1448	124442.0	124045.0
-1447	124484.0	124064.0
-1446	124412.0	123990.0
-1445	124510.0	124046.0
-1444	124538.0	123995.0
-1443	124457.0	124162.0
-1442	124425.0	124113.0
-1441	124412.0	124081.0
-1440	124393.0	124090.0
-1439	124342.0	124132.0
-1438	124461.0	124064.0
-1437	124297.0	124137.0
-1436	124335.0	124136.0
-1435	124301.0	124113.0
-1434	124455.0	124216.0
-1433	124262.0	124193.0
-1432	124331.0	124069.0
-1431	124276.0	124273.0
-1430	124321.0	124193.0
-1429	124337.0	124112.0
-1428	124285.0	124182.0
-1427	124312.0	124193.0
-1426	124170.0	124208.0
-1425	124283.0	124120.0
-1424	124218.0	124225.0
-1423	124403.0	124032.0
-1422	124265.0	124239.0
-1421	124182.0	124057.0
-1420	124265.0	124221.0
-1419	124330.0	124123.0
-1418	124343.0	124162.0
-1417	124153.0	124211.0
-1416	124313.0	124105.0
-1415	124326.0	124167.0
-1414	124246.0	124157.0
-1413	124346.0	124233.0
-1412	124213.0	124143.0
-1411	124116.0	124198.0
-1410	124228.0	124271.0
-1409	124225.0	124322.0
-1408	124180.0	124246.0
-1407	124238.0	124162.0
-1406	124235.0	124192.0
-1405	124232.0	124216.0
-1404	124093.0	124240.0
-1403	124144.0	124139.0
-1402	124158.0	124238.0
-1401	124235.0	124319.0
-1400	124220.0	124249.0
-1399	124218.0	124194.0
-1398	124207.0	124178.0
-1397	124066.0	124107.0
-1396	124101.0	124134.0
-1395	124153.0	124252.0
-1394	124127.0	124302.0
-1393	124139.0	124207.0
-1392	124036.0	124240.0
-1391	124159.0	124381.0
-1390	124010.0	124339.0
-1389	124027.0	124266.0
-1388	124189.0	124290.0
-1387	124014.0	124270.0
-1386	124047.0	124248.0
-1385	124047.0	124340.0
-1384	124107.0	124283.0
-1383	124068.0	124223.0
-1382	124151.0	124184.0
-1381	124131.0	124262.0
-1380	124093.0	124304.0
-1379	124054.0	124302.0
-1378	124007.0	124273.0
-1377	123971.0	124301.0
-1376	124003.0	124276.0
-1375	123984.0	124258.0
-1374	124061.0	124273.0
-1373	123941.0	124306.0
-1372	123929.0	124337.0
-1371	123955.0	124278.0
-1370	123986.0	124306.0
-1369	123922.0	124376.0
-1368	123844.0	124373.0
-1367	123910.0	124376.0
-1366	123827.0	124327.0
-1365	123903.0	124385.0
-1364	123887.0	124380.0
-1363	123910.0	124355.0
-1362	123816.0	124343.0
-1361	123860.0	124443.0
-1360	123793.0	124420.0
-1359	123797.0	124371.0
-1358	123825.0	124325.0
-1357	123789.0	124364.0
-1356	123921.0	124422.0
-1355	123793.0	124351.0
-1354	123868.0	124310.0
-1353	123823.0	124389.0
-1352	123921.0	124258.0
-1351	123780.0	124375.0
-1350	123824.0	124449.0
-1349	123927.0	124383.0
-1348	123895.0	124342.0
-1347	123693.0	124396.0
-1346	123876.0	124373.0
-1345	123694.0	124386.0
-1344	123883.0	124468.0
-1343	123709.0	124353.0
-1342	123793.0	124366.0
-1341	123752.0	124403.0
-1340	123806.0	124329.0
-1339	123842.0	124274.0
-1338	123749.0	124374.0
-1337	123807.0	124330.0
-1336	123835.0	124289.0
-1335	123826.0	124328.0
-1334	123873.0	124345.0
-1333	123802.0	124382.0
-1332	123848.0	124358.0
-1331	123868.0	124267.0
-1330	123820.0	124205.0
-1329	123815.0	124304.0
-1328	123816.0	124327.0
-1327	123799.0	124431.0
-1326	123917.0	124444.0
-1325	123916.0	124371.0
-1324	123975.0	124362.0
-1323	123914.0	124346.0
-1322	123877.0	124335.0
-1321	123915.0	124320.0
-1320	123915.0	124372.0
-1319	123915.0	124437.0
-1318	123838.0	124308.0
-1317	123900.0	124323.0
-1316	123946.0	124300.0
-1315	123986.0	124331.0
-1314	124031.0	124323.0
-1313	123942.0	124263.0
-1312	123922.0	124254.0
-1311	123965.0	124227.0
-1310	123823.0	124220.0
-1309	123985.0	124102.0
-1308	124005.0	124180.0
-1307	124053.0	124231.0
-1306	123973.0	124102.0
-1305	124093.0	124193.0
-1304	124012.0	124142.0
-1303	124024.0	124161.0
-1302	124093.0	124152.0
-1301	123959.0	124120.0
-1300	124043.0	124198.0
-1299	123991.0	124209.0
-1298	124059.0	124124.0
-1297	124059.0	124066.0
-1296	123994.0	124134.0
-1295	124018.0	124054.0
-1294	124006.0	124044.0
-1293	124066.0	124014.0
-1292	124078.0	124062.0
-1291	124029.0	123990.0
-1290	124187.0	124027.0
-1289	124068.0	124012.0
-1288	124171.0	123998.0
-1287	124138.0	124030.0
-1286	123989.0	124030.0
-1285	124068.0	124040.0
-1284	124093.0	123900.0
-1283	124097.0	123930.0
-1282	124124.0	123890.0
-1281	124160.0	123864.0
-1280	124117.0	123933.0
-1279	124215.0	123924.0
-1278	124290.0	123885.0
-1277	124273.0	124000.0
-1276	124217.0	123832.0
-1275	124311.0	123948.0
-1274	124191.0	123909.0
-1273	124208.0	123831.0
-1272	124197.0	123805.0
-1271	124263.0	123838.0
-1270	124247.0	123788.0
-1269	124221.0	123782.0
-1268	124245.0	123758.0
-1267	124255.0	123710.0
-1266	124297.0	123848.0
-1265	124358.0	123803.0
-1264	124157.0	123851.0
-1263	124419.0	123700.0
-1262	124367.0	123781.0
-1261	124242.0	123688.0
-1260	124296.0	123688.0
-1259	124240.0	123678.0
-1258	124249.0	123653.0
-1257	124345.0	123724.0
-1256	124072.0	123619.0
-1255	124186.0	123722.0
-1254	124170.0	123705.0
-1253	124228.0	123643.0
-1252	124237.0	123663.0
-1251	124169.0	123641.0
-1250	124192.0	123722.0
-1249	124185.0	123714.0
-1248	124161.0	123610.0
-1247	124181.0	123595.0
-1246	124226.0	123653.0
-1245	124185.0	123747.0
-1244	124009.0	123817.0
-1243	124275.0	123616.0
-1242	124171.0	123579.0
-1241	124027.0	123774.0
-1240	124165.0	123572.0
-1239	124091.0	123676.0
-1238	124115.0	123645.0
-1237	124078.0	123642.0
-1236	124116.0	123647.0
-1235	124092.0	123670.0
-1234	124083.0	123521.0
-1233	124100.0	123576.0
-1232	124037.0	123641.0
-1231	124127.0	123689.0
-1230	124073.0	123554.0
-1229	124046.0	123584.0
-1228	124171.0	123523.0
-1227	124120.0	123703.0
-1226	124092.0	123597.0
-1225	124215.0	123673.0
-1224	124163.0	123584.0
-1223	124105.0	123591.0
-1222	124049.0	123722.0
-1221	124166.0	123664.0
-1220	123998.0	123599.0
-1219	124109.0	123588.0
-1218	124151.0	123600.0
-1217	124032.0	123584.0
-1216	124213.0	123648.0
-1215	124089.0	123497.0
-1214	124154.0	123634.0
-1213	124040.0	123647.0
-1212	124186.0	123603.0
-1211	124082.0	123611.0
-1210	124148.0	123573.0
-1209	124113.0	123553.0
-1208	124110.0	123586.0
-1207	124062.0	123575.0
-1206	124115.0	123611.0
-1205	124078.0	123523.0
-1204	124054.0	123617.0
-1203	124185.0	123584.0
-1202	124107.0	123596.0
-1201	124086.0	123561.0
-1200	124151.0	123575.0
-1199	124208.0	123631.0
-1198	124169.0	123702.0
-1197	124141.0	123617.0
-1196	124149.0	123611.0
-1195	124131.0	123684.0
-1194	124085.0	123620.0
-1193	124166.0	123592.0
-1192	124180.0	123680.0
-1191	124273.0	123734.0
-1190	124198.0	123754.0
-1189	124113.0	123680.0
-1188	124282.0	123692.0
-1187	124202.0	123697.0
-1186	124193.0	123784.0
-1185	124046.0	123642.0
-1184	124188.0	123675.0
-1183	124188.0	123797.0
-1182	124140.0	123759.0
-1181	124122.0	123610.0
-1180	124071.0	123714.0
-1179	124292.0	123689.0
-1178	124158.0	123770.0
-1177	124085.0	123807.0
-1176	124193.0	123752.0
-1175	124019.0	123718.0
-1174	124175.0	123735.0
-1173	124136.0	123851.0
-1172	124181.0	123815.0
-1171	124097.0	123780.0
-1170	124051.0	123848.0
-1169	124170.0	123904.0
-1168	124082.0	123836.0
-1167	124029.0	123835.0
-1166	124202.0	123745.0
-1165	124141.0	123765.0
-1164	124230.0	123887.0
-1163	124068.0	123743.0
-1162	124174.0	123818.0
-1161	124079.0	123869.0
-1160	124138.0	123827.0
-1159	124142.0	123822.0
-1158	124196.0	123946.0
-1157	124031.0	123865.0
-1156	124039.0	123989.0
-1155	124059.0	124023.0
-1154	123977.0	124014.0
-1153	124059.0	123887.0
-1152	123996.0	123990.0
-1151	124066.0	123948.0
-1150	124082.0	123980.0
-1149	124069.0	123972.0
-1148	124099.0	123936.0
-1147	123969.0	124059.0
-1146	124058.0	124013.0
-1145	124009.0	124000.0
-1144	124115.0	123901.0
-1143	123946.0	123955.0
-1142	124035.0	123963.0
-1141	123897.0	124055.0
-1140	124003.0	124045.0
-1139	124046.0	123937.0
-1138	124014.0	123971.0
-1137	123950.0	124056.0
-1136	123931.0	124027.0
-1135	123957.0	123979.0
-1134	123963.0	123963.0
-1133	123935.0	123866.0
-1132	123924.0	124114.0
-1131	123906.0	123978.0
-1130	123903.0	124140.0
-1129	123898.0	124068.0
-1128	123985.0	124063.0
-1127	123963.0	124079.0
-1126	123829.0	124015.0
-1125	123970.0	124026.0
-1124	123910.0	124056.0
-1123	123887.0	124032.0
-1122	123891.0	124018.0
-1121	123893.0	123993.0
-1120	123807.0	124044.0
-1119	123851.0	124048.0
-1118	123851.0	124038.0
-1117	123836.0	123945.0
-1116	123886.0	124040.0
-1115	123853.0	123948.0
-1114	123853.0	124071.0
-1113	123856.0	123952.0
-1112	123869.0	124071.0
-1111	123801.0	124056.0
-1110	123722.0	124106.0
-1109	123898.0	123929.0
-1108	123848.0	123957.0
-1107	123806.0	124047.0
-1106	123721.0	124016.0
-1105	123819.0	124064.0
-1104	123891.0	124052.0
-1103	123717.0	123932.0
-1102	123729.0	123999.0
-1101	123657.0	124033.0
-1100	123701.0	124104.0
-1099	123662.0	123997.0
-1098	123767.0	124056.0
-1097	123608.0	123949.0
-1096	123637.0	123977.0
-1095	123540.0	124056.0
-1094	123643.0	123992.0
-1093	123713.0	123917.0
-1092	123474.0	124075.0
-1091	123627.0	123922.0
-1090	123655.0	123936.0
-1089	123591.0	124014.0
-1088	123569.0	124037.0
-1087	123602.0	124013.0
-1086	123707.0	124057.0
-1085	123703.0	123984.0
-1084	123527.0	124014.0
-1083	123598.0	124144.0
-1082	123556.0	124079.0
-1081	123437.0	123955.0
-1080	123709.0	123947.0
-1079	123470.0	124042.0
-1078	123558.0	124135.0
-1077	123591.0	123948.0
-1076	123506.0	124081.0
-1075	123416.0	124094.0
-1074	123467.0	124115.0
-1073	123557.0	124108.0
-1072	123442.0	124068.0
-1071	123545.0	124064.0
-1070	123479.0	124121.0
-1069	123610.0	124068.0
-1068	123502.0	124105.0
-1067	123554.0	124075.0
-1066	123529.0	124080.0
-1065	123583.0	124092.0
-1064	123464.0	124124.0
-1063	123502.0	124074.0
-1062	123434.0	124115.0
-1061	123493.0	124074.0
-1060	123530.0	124161.0
-1059	123584.0	124077.0
-1058	123512.0	124084.0
-1057	123394.0	124096.0
-1056	123358.0	124079.0
-1055	123517.0	124158.0
-1054	123410.0	124167.0
-1053	123431.0	124034.0
-1052	123513.0	124022.0
-1051	123484.0	124003.0
-1050	123410.0	124173.0
-1049	123401.0	124081.0
-1048	123522.0	124085.0
-1047	123418.0	124134.0
-1046	123439.0	124176.0
-1045	123521.0	124091.0
-1044	123616.0	124103.0
-1043	123533.0	124010.0
-1042	123432.0	123989.0
-1041	123447.0	124112.0
-1040	123559.0	124079.0
-1039	123488.0	124042.0
-1038	123484.0	124070.0
-1037	123570.0	124065.0
-1036	123464.0	124010.0
-1035	123462.0	123891.0
-1034	123424.0	123998.0
-1033	123407.0	124103.0
-1032	123546.0	123991.0
-1031	123559.0	124056.0
-1030	123544.0	124012.0
-1029	123372.0	124056.0
-1028	123484.0	124028.0
-1027	123544.0	124186.0
-1026	123522.0	124097.0
-1025	123562.0	124056.0
-1024	123482.0	124058.0
-1023	123489.0	124016.0
-1022	123470.0	123976.0
-1021	123542.0	123919.0
-1020	123585.0	123887.0
-1019	123611.0	124019.0
-1018	123692.0	123916.0
-1017	123665.0	124030.0
-1016	123614.0	123935.0
-1015	123457.0	123890.0
-1014	123684.0	123884.0
-1013	123543.0	124007.0
-1012	123634.0	123959.0
-1011	123618.0	123978.0
-1010	123698.0	123909.0
-1009	123649.0	123882.0
-1008	123646.0	123941.0
-1007	123592.0	123844.0
-1006	123549.0	124023.0
-1005	123602.0	123852.0
-1004	123651.0	123969.0
-1003	123778.0	123915.0
-1002	123496.0	123911.0
-1001	123724.0	123750.0
-1000	123637.0	123857.0
-999	123684.0	123883.0
-998	123686.0	123826.0
-997	123709.0	123936.0
-996	123675.0	123765.0
-995	123786.0	123774.0
-994	123693.0	123851.0
-993	123738.0	123790.0
-992	123691.0	123781.0
-991	123721.0	123825.0
-990	123699.0	123729.0
-989	123713.0	123768.0
-988	123678.0	123729.0
-987	123686.0	123699.0
-986	123675.0	123851.0
-985	123682.0	123713.0
-984	123766.0	123696.0
-983	123745.0	123725.0
-982	123778.0	123711.0
-981	123869.0	123629.0
-980	123801.0	123735.0
-979	123778.0	123735.0
-978	123807.0	123704.0
-977	123779.0	123648.0
-976	123728.0	123744.0
-975	123835.0	123818.0
-974	123809.0	123598.0
-973	123724.0	123617.0
-972	123689.0	123775.0
-971	123784.0	123665.0
-970	123740.0	123628.0
-969	123736.0	123736.0
-968	123802.0	123661.0
-967	123817.0	123539.0
-966	123749.0	123654.0
-965	123938.0	123525.0
-964	123847.0	123692.0
-963	123761.0	123526.0
-962	123911.0	123630.0
-961	123937.0	123585.0
-960	123857.0	123480.0
-959	123888.0	123435.0
-958	123895.0	123489.0
-957	123747.0	123413.0
-956	123958.0	123505.0
-955	123977.0	123442.0
-954	123932.0	123419.0
-953	123892.0	123438.0
-952	124021.0	123461.0
-951	123945.0	123318.0
-950	123960.0	123444.0
-949	124008.0	123443.0
-948	123949.0	123390.0
-947	123975.0	123451.0
-946	123904.0	123343.0
-945	123911.0	123406.0
-944	124023.0	123330.0
-943	124038.0	123376.0
-942	124088.0	123470.0
-941	124078.0	123371.0
-940	123981.0	123342.0
-939	124024.0	123500.0
-938	124016.0	123534.0
-937	123934.0	123320.0
-936	124098.0	123459.0
-935	124075.0	123436.0
-934	123965.0	123432.0
-933	123993.0	123485.0
-932	124078.0	123314.0
-931	124034.0	123418.0
-930	124044.0	123377.0
-929	123953.0	123324.0
-928	123967.0	123341.0
-927	123905.0	123301.0
-926	123895.0	123375.0
-925	124015.0	123287.0
-924	124121.0	123376.0
-923	124034.0	123375.0
-922	124101.0	123350.0
-921	124003.0	123269.0
-920	124031.0	123403.0
-919	123964.0	123331.0
-918	123937.0	123396.0
-917	124062.0	123391.0
-916	123967.0	123353.0
-915	123998.0	123301.0
-914	124069.0	123211.0
-913	124060.0	123264.0
-912	124054.0	123335.0
-911	124177.0	123268.0
-910	123909.0	123299.0
-909	123996.0	123351.0
-908	123964.0	123341.0
-907	124050.0	123309.0
-906	124006.0	123372.0
-905	123993.0	123382.0
-904	124094.0	123246.0
-903	124017.0	123322.0
-902	124041.0	123397.0
-901	124038.0	123402.0
-900	124085.0	123342.0
-899	124188.0	123423.0
-898	124002.0	123375.0
-897	124183.0	123362.0
-896	124117.0	123320.0
-895	124026.0	123395.0
-894	124061.0	123389.0
-893	124052.0	123395.0
-892	124081.0	123498.0
-891	124058.0	123450.0
-890	124148.0	123403.0
-889	124051.0	123457.0
-888	124099.0	123419.0
-887	124073.0	123505.0
-886	123998.0	123387.0
-885	124113.0	123512.0
-884	124110.0	123486.0
-883	124250.0	123396.0
-882	124137.0	123435.0
-881	124050.0	123460.0
-880	124061.0	123432.0
-879	123994.0	123503.0
-878	124073.0	123463.0
-877	124120.0	123343.0
-876	124170.0	123443.0
-875	124121.0	123332.0
-874	124033.0	123407.0
-873	124125.0	123388.0
-872	124192.0	123505.0
-871	124235.0	123439.0
-870	124041.0	123550.0
-869	124047.0	123513.0
-868	124090.0	123470.0
-867	124082.0	123410.0
-866	124047.0	123536.0
-865	124055.0	123420.0
-864	124098.0	123524.0
-863	123977.0	123466.0
-862	124098.0	123519.0
-861	124041.0	123489.0
-860	124111.0	123551.0
-859	124028.0	123577.0
-858	124082.0	123472.0
-857	124012.0	123569.0
-856	124008.0	123501.0
-855	124036.0	123496.0
-854	123943.0	123389.0
-853	123963.0	123534.0
-852	124038.0	123542.0
-851	123927.0	123531.0
-850	123984.0	123437.0
-849	123884.0	123524.0
-848	124069.0	123497.0
-847	123943.0	123429.0
-846	124023.0	123575.0
-845	123941.0	123622.0
-844	123779.0	123526.0
-843	123862.0	123568.0
-842	123929.0	123606.0
-841	123903.0	123504.0
-840	123854.0	123670.0
-839	123841.0	123659.0
-838	123923.0	123710.0
-837	123759.0	123578.0
-836	123910.0	123610.0
-835	123816.0	123567.0
-834	123843.0	123611.0
-833	123812.0	123632.0
-832	123823.0	123598.0
-831	123770.0	123639.0
-830	123805.0	123477.0
-829	123757.0	123680.0
-828	123792.0	123660.0
-827	123786.0	123629.0
-826	123851.0	123785.0
-825	123735.0	123620.0
-824	123718.0	123674.0
-823	123685.0	123671.0
-822	123794.0	123670.0
-821	123803.0	123576.0
-820	123801.0	123641.0
-819	123771.0	123623.0
-818	123762.0	123620.0
-817	123848.0	123608.0
-816	123930.0	123626.0
-815	123830.0	123580.0
-814	123845.0	123717.0
-813	123822.0	123618.0
-812	123839.0	123629.0
-811	123791.0	123635.0
-810	123812.0	123683.0
-809	123745.0	123655.0
-808	123842.0	123619.0
-807	123900.0	123748.0
-806	123924.0	123631.0
-805	123901.0	123819.0
-804	123705.0	123818.0
-803	123788.0	123808.0
-802	123786.0	123682.0
-801	123783.0	123722.0
-800	123689.0	123807.0
-799	123692.0	123723.0
-798	123749.0	123707.0
-797	123775.0	123839.0
-796	123774.0	123796.0
-795	123785.0	123746.0
-794	123838.0	123685.0
-793	123713.0	123885.0
-792	123765.0	123735.0
-791	123867.0	123793.0
-790	123779.0	123756.0
-789	123715.0	123845.0
-788	123796.0	123755.0
-787	123727.0	123751.0
-786	123851.0	123836.0
-785	123799.0	123884.0
-784	123841.0	123761.0
-783	123747.0	123847.0
-782	123787.0	123821.0
-781	123752.0	123849.0
-780	123597.0	123840.0
-779	123666.0	123978.0
-778	123812.0	123794.0
-777	123769.0	123926.0
-776	123664.0	123907.0
-775	123730.0	123919.0
-774	123739.0	123839.0
-773	123618.0	123764.0
-772	123691.0	123915.0
-771	123653.0	123774.0
-770	123715.0	123943.0
-769	123727.0	123937.0
-768	123695.0	123925.0
-767	123659.0	124018.0
-766	123778.0	123867.0
-765	123698.0	124017.0
-764	123688.0	123973.0
-763	123723.0	124092.0
-762	123635.0	124004.0
-761	123703.0	124094.0
-760	123621.0	124042.0
-759	123741.0	123928.0
-758	123711.0	124066.0
-757	123735.0	124073.0
-756	123711.0	124034.0
-755	123759.0	124033.0
-754	123718.0	124074.0
-753	123732.0	124069.0
-752	123718.0	124039.0
-751	123660.0	124122.0
-750	123722.0	124123.0
-749	123685.0	124079.0
-748	123617.0	124037.0
-747	123641.0	124126.0
-746	123776.0	124181.0
-745	123766.0	124039.0
-744	123745.0	124073.0
-743	123665.0	124151.0
-742	123748.0	124187.0
-741	123787.0	124211.0
-740	123930.0	124138.0
-739	123781.0	124135.0
-738	123830.0	124212.0
-737	123774.0	124106.0
-736	123816.0	124158.0
-735	123803.0	124198.0
-734	123716.0	124086.0
-733	123770.0	124143.0
-732	123909.0	124104.0
-731	123765.0	124198.0
-730	123946.0	124122.0
-729	123878.0	124119.0
-728	123854.0	124029.0
-727	123858.0	123994.0
-726	124004.0	124028.0
-725	123939.0	124095.0
-724	123981.0	124118.0
-723	123902.0	124082.0
-722	123850.0	124144.0
-721	123954.0	124092.0
-720	123942.0	124182.0
-719	124001.0	124057.0
-718	123792.0	124059.0
-717	124066.0	124002.0
-716	124044.0	123989.0
-715	124085.0	123967.0
-714	124033.0	124066.0
-713	124005.0	124060.0
-712	124139.0	124102.0
-711	124184.0	124088.0
-710	124087.0	124052.0
-709	124107.0	124020.0
-708	124139.0	124096.0
-707	124084.0	124027.0
-706	124050.0	124104.0
-705	123986.0	123982.0
-704	124046.0	124043.0
-703	124040.0	124017.0
-702	124060.0	123981.0
-701	123987.0	123832.0
-700	124117.0	123971.0
-699	124007.0	123962.0
-698	124113.0	123964.0
-697	124175.0	123967.0
-696	124243.0	123900.0
-695	124187.0	123967.0
-694	124276.0	123901.0
-693	124242.0	123963.0
-692	124347.0	123828.0
-691	124297.0	123833.0
-690	124175.0	123942.0
-689	124277.0	123803.0
-688	124240.0	123906.0
-687	124255.0	123843.0
-686	124312.0	123806.0
-685	124330.0	123942.0
-684	124260.0	123893.0
-683	124284.0	123857.0
-682	124260.0	123776.0
-681	124374.0	123791.0
-680	124396.0	123810.0
-679	124392.0	123762.0
-678	124475.0	123818.0
-677	124382.0	123733.0
-676	124503.0	123760.0
-675	124530.0	123816.0
-674	124436.0	123772.0
-673	124512.0	123837.0
-672	124388.0	123759.0
-671	124460.0	123840.0
-670	124557.0	123819.0
-669	124550.0	123838.0
-668	124494.0	123744.0
-667	124546.0	123788.0
-666	124563.0	123726.0
-665	124663.0	123802.0
-664	124605.0	123714.0
-663	124651.0	123797.0
-662	124535.0	123748.0
-661	124709.0	123679.0
-660	124542.0	123752.0
-659	124566.0	123743.0
-658	124833.0	123716.0
-657	124623.0	123656.0
-656	124696.0	123633.0
-655	124565.0	123736.0
-654	124666.0	123703.0
-653	124603.0	123763.0
-652	124761.0	123624.0
-651	124622.0	123731.0
-650	124566.0	123626.0
-649	124607.0	123608.0
-648	124653.0	123723.0
-647	124580.0	123549.0
-646	124741.0	123689.0
-645	124583.0	123731.0
-644	124616.0	123662.0
-643	124676.0	123754.0
-642	124698.0	123728.0
-641	124732.0	123667.0
-640	124642.0	123687.0
-639	124706.0	123537.0
-638	124692.0	123646.0
-637	124709.0	123691.0
-636	124694.0	123702.0
-635	124644.0	123585.0
-634	124670.0	123568.0
-633	124625.0	123531.0
-632	124602.0	123554.0
-631	124568.0	123529.0
-630	124700.0	123517.0
-629	124553.0	123662.0
-628	124717.0	123538.0
-627	124792.0	123658.0
-626	124706.0	123583.0
-625	124736.0	123660.0
-624	124705.0	123619.0
-623	124610.0	123497.0
-622	124655.0	123637.0
-621	124642.0	123682.0
-620	124649.0	123648.0
-619	124767.0	123551.0
-618	124781.0	123686.0
-617	124713.0	123570.0
-616	124850.0	123550.0
-615	124732.0	123490.0
-614	124706.0	123534.0
-613	124691.0	123449.0
-612	124777.0	123527.0
-611	124755.0	123570.0
-610	124854.0	123649.0
-609	124750.0	123582.0
-608	124792.0	123552.0
-607	124797.0	123543.0
-606	124730.0	123619.0
-605	124720.0	123632.0
-604	124743.0	123629.0
-603	124631.0	123636.0
-602	124669.0	123588.0
-601	124659.0	123594.0
-600	124797.0	123685.0
-599	124725.0	123606.0
-598	124716.0	123717.0
-597	124757.0	123743.0
-596	124709.0	123495.0
-595	124660.0	123686.0
-594	124708.0	123680.0
-593	124706.0	123808.0
-592	124694.0	123698.0
-591	124645.0	123831.0
-590	124718.0	123740.0
-589	124725.0	123695.0
-588	124738.0	123896.0
-587	124691.0	123723.0
-586	124575.0	123692.0
-585	124672.0	123729.0
-584	124732.0	123774.0
-583	124607.0	123857.0
-582	124608.0	123849.0
-581	124787.0	123847.0
-580	124725.0	123873.0
-579	124705.0	123908.0
-578	124728.0	123802.0
-577	124665.0	123828.0
-576	124645.0	123867.0
-575	124654.0	123938.0
-574	124750.0	123850.0
-573	124602.0	123964.0
-572	124550.0	123932.0
-571	124593.0	124016.0
-570	124679.0	124028.0
-569	124477.0	123991.0
-568	124614.0	124007.0
-567	124709.0	123977.0
-566	124650.0	123982.0
-565	124566.0	124031.0
-564	124664.0	124036.0
-563	124583.0	123967.0
-562	124608.0	124130.0
-561	124507.0	124002.0
-560	124507.0	124049.0
-559	124530.0	124075.0
-558	124626.0	124049.0
-557	124493.0	124106.0
-556	124423.0	123988.0
-555	124545.0	123934.0
-554	124439.0	124068.0
-553	124472.0	123948.0
-552	124392.0	124006.0
-551	124436.0	124023.0
-550	124506.0	123914.0
-549	124447.0	123964.0
-548	124540.0	123954.0
-547	124440.0	124097.0
-546	124548.0	124120.0
-545	124463.0	124153.0
-544	124364.0	124151.0
-543	124561.0	124155.0
-542	124465.0	124153.0
-541	124325.0	124121.0
-540	124406.0	124148.0
-539	124298.0	124234.0
-538	124366.0	124063.0
-537	124267.0	124198.0
-536	124256.0	124108.0
-535	124385.0	124136.0
-534	124280.0	124312.0
-533	124226.0	124216.0
-532	124295.0	124217.0
-531	124260.0	124234.0
-530	124210.0	124214.0
-529	124290.0	124222.0
-528	124265.0	124214.0
-527	124272.0	124244.0
-526	124277.0	124235.0
-525	124182.0	124281.0
-524	124205.0	124239.0
-523	124295.0	124349.0
-522	124179.0	124198.0
-521	124252.0	124317.0
-520	124187.0	124366.0
-519	124149.0	124387.0
-518	124090.0	124339.0
-517	123972.0	124275.0
-516	124078.0	124335.0
-515	123995.0	124277.0
-514	124113.0	124432.0
-513	124181.0	124266.0
-512	124086.0	124328.0
-511	124101.0	124325.0
-510	123977.0	124337.0
-509	124058.0	124251.0
-508	124028.0	124289.0
-507	124000.0	124371.0
-506	124028.0	124253.0
-505	123900.0	124349.0
-504	123973.0	124349.0
-503	123944.0	124352.0
-502	123918.0	124296.0
-501	123977.0	124508.0
-500	123946.0	124376.0
-499	123944.0	124384.0
-498	123957.0	124386.0
-497	123845.0	124427.0
-496	123980.0	124395.0
-495	123967.0	124509.0
-494	124046.0	124459.0
-493	123846.0	124405.0
-492	123872.0	124351.0
-491	123872.0	124404.0
-490	123885.0	124531.0
-489	123879.0	124390.0
-488	124008.0	124540.0
-487	123899.0	124345.0
-486	123927.0	124502.0
-485	123835.0	124450.0
-484	123859.0	124481.0
-483	123835.0	124550.0
-482	123933.0	124569.0
-481	123862.0	124341.0
-480	123894.0	124476.0
-479	123906.0	124493.0
-478	123935.0	124478.0
-477	123848.0	124528.0
-476	123898.0	124499.0
-475	124008.0	124416.0
-474	123901.0	124473.0
-473	123816.0	124397.0
-472	123946.0	124497.0
-471	124070.0	124412.0
-470	123829.0	124399.0
-469	124048.0	124536.0
-468	124015.0	124471.0
-467	123996.0	124498.0
-466	124125.0	124522.0
-465	123999.0	124463.0
-464	123971.0	124411.0
-463	123968.0	124554.0
-462	124020.0	124504.0
-461	123985.0	124554.0
-460	124050.0	124428.0
-459	124080.0	124559.0
-458	124183.0	124510.0
-457	124135.0	124542.0
-456	124160.0	124354.0
-455	124094.0	124510.0
-454	124168.0	124493.0
-453	124256.0	124456.0
-452	124266.0	124466.0
-451	124269.0	124378.0
-450	124348.0	124446.0
-449	124273.0	124433.0
-448	124413.0	124369.0
-447	124340.0	124474.0
-446	124370.0	124358.0
-445	124416.0	124518.0
-444	124470.0	124498.0
-443	124428.0	124401.0
-442	124476.0	124508.0
-441	124477.0	124508.0
-440	124564.0	124355.0
-439	124523.0	124504.0
-438	124634.0	124455.0
-437	124632.0	124383.0
-436	124589.0	124512.0
-435	124645.0	124458.0
-434	124728.0	124393.0
-433	124686.0	124477.0
-432	124641.0	124492.0
-431	124669.0	124395.0
-430	124786.0	124363.0
-429	124724.0	124509.0
-428	124722.0	124320.0
-427	124845.0	124376.0
-426	124774.0	124385.0
-425	124730.0	124283.0
-424	124758.0	124375.0
-423	124938.0	124224.0
-422	124919.0	124299.0
-421	124948.0	124261.0
-420	125078.0	124292.0
-419	125004.0	124307.0
-418	125025.0	124189.0
-417	125055.0	124281.0
-416	125045.0	124194.0
-415	125184.0	124255.0
-414	125102.0	124171.0
-413	125046.0	124196.0
-412	125084.0	124206.0
-411	125172.0	124242.0
-410	125144.0	124269.0
-409	125248.0	124185.0
-408	125180.0	124187.0
-407	125182.0	124096.0
-406	125199.0	124283.0
-405	125295.0	124191.0
-404	125308.0	124133.0
-403	125230.0	124148.0
-402	125328.0	124138.0
-401	125228.0	124058.0
-400	125182.0	124202.0
-399	125235.0	124128.0
-398	125252.0	124086.0
-397	125224.0	124195.0
-396	125361.0	124168.0
-395	125427.0	124005.0
-394	125440.0	124112.0
-393	125565.0	124026.0
-392	125435.0	124088.0
-391	125467.0	124081.0
-390	125457.0	123956.0
-389	125466.0	124042.0
-388	125461.0	124018.0
-387	125505.0	124060.0
-386	125559.0	124067.0
-385	125475.0	124009.0
-384	125561.0	124024.0
-383	125510.0	124009.0
-382	125535.0	124001.0
-381	125595.0	123960.0
-380	125492.0	124028.0
-379	125575.0	124054.0
-378	125682.0	123975.0
-377	125552.0	123872.0
-376	125678.0	123953.0
-375	125683.0	123880.0
-374	125678.0	123950.0
-373	125619.0	123907.0
-372	125672.0	123846.0
-371	125794.0	123737.0
-370	125660.0	123859.0
-369	125810.0	123896.0
-368	125667.0	123786.0
-367	125617.0	123953.0
-366	125713.0	123805.0
-365	125811.0	123822.0
-364	125819.0	123893.0
-363	125799.0	123956.0
-362	125952.0	123859.0
-361	125835.0	123799.0
-360	125910.0	123939.0
-359	125826.0	123791.0
-358	125897.0	123835.0
-357	125902.0	123818.0
-356	125828.0	123863.0
-355	125928.0	123820.0
-354	126052.0	123771.0
-353	125929.0	123789.0
-352	125873.0	123849.0
-351	125941.0	123807.0
-350	125925.0	123713.0
-349	125972.0	123742.0
-348	126017.0	123847.0
-347	126028.0	123917.0
-346	126023.0	123851.0
-345	126008.0	123870.0
-344	126070.0	123875.0
-343	126171.0	123818.0
-342	126183.0	123934.0
-341	126073.0	123888.0
-340	126162.0	123821.0
-339	126240.0	123981.0
-338	126112.0	123941.0
-337	126092.0	123933.0
-336	126275.0	123995.0
-335	126135.0	124033.0
-334	126176.0	124061.0
-333	126211.0	124031.0
-332	126227.0	123993.0
-331	126151.0	123888.0
-330	126193.0	123990.0
-329	126225.0	123949.0
-328	126211.0	124077.0
-327	126215.0	124051.0
-326	126276.0	124081.0
-325	126350.0	124070.0
-324	126373.0	124060.0
-323	126226.0	124002.0
-322	126264.0	124186.0
-321	126332.0	124124.0
-320	126311.0	124126.0
-319	126329.0	124118.0
-318	126334.0	124162.0
-317	126341.0	124183.0
-316	126349.0	124277.0
-315	126321.0	124265.0
-314	126413.0	124253.0
-313	126277.0	124304.0
-312	126517.0	124446.0
-311	126376.0	124330.0
-310	126352.0	124332.0
-309	126437.0	124444.0
-308	126460.0	124435.0
-307	126434.0	124462.0
-306	126489.0	124427.0
-305	126357.0	124461.0
-304	126453.0	124484.0
-303	126483.0	124581.0
-302	126528.0	124467.0
-301	126563.0	124483.0
-300	126542.0	124731.0
-299	126475.0	124593.0
-298	126575.0	124591.0
-297	126435.0	124630.0
-296	126605.0	124528.0
-295	126647.0	124620.0
-294	126776.0	124723.0
-293	126467.0	124800.0
-292	126621.0	124715.0
-291	126708.0	124716.0
-290	126734.0	124765.0
-289	126671.0	124823.0
-288	126715.0	124781.0
-287	126652.0	124715.0
-286	126803.0	124908.0
-285	126714.0	124869.0
-284	126741.0	124837.0
-283	126840.0	124858.0
-282	126905.0	124888.0
-281	126732.0	124818.0
-280	126797.0	124885.0
-279	126818.0	124857.0
-278	126855.0	124979.0
-277	126750.0	124849.0
-276	126945.0	124977.0
-275	126712.0	125016.0
-274	126843.0	124892.0
-273	126803.0	124964.0
-272	126987.0	124982.0
-271	126813.0	124951.0
-270	126898.0	124954.0
-269	126909.0	124914.0
-268	126889.0	124972.0
-267	126828.0	125116.0
-266	126861.0	124920.0
-265	126837.0	125016.0
-264	126885.0	124928.0
-263	126910.0	124912.0
-262	126898.0	125182.0
-261	126960.0	125045.0
-260	126975.0	125150.0
-259	126830.0	125143.0
-258	126977.0	125158.0
-257	126894.0	125192.0
-256	127004.0	125311.0
-255	126968.0	125160.0
-254	126897.0	125185.0
-253	127020.0	125168.0
-252	127098.0	125225.0
-251	126927.0	125231.0
-250	127008.0	125157.0
-249	127124.0	125255.0
-248	127166.0	125165.0
-247	127130.0	125322.0
-246	127186.0	125255.0
-245	127106.0	125265.0
-244	127241.0	125252.0
-243	127201.0	125302.0
-242	127135.0	125243.0
-241	127319.0	125356.0
-240	127195.0	125441.0
-239	127263.0	125419.0
-238	127157.0	125383.0
-237	127122.0	125347.0
-236	127271.0	125579.0
-235	127132.0	125509.0
-234	127185.0	125488.0
-233	127277.0	125466.0
-232	127360.0	125452.0
-231	127293.0	125565.0
-230	127327.0	125546.0
-229	127209.0	125442.0
-228	127369.0	125628.0
-227	127350.0	125483.0
-226	127351.0	125655.0
-225	127393.0	125649.0
-224	127346.0	125665.0
-223	127425.0	125653.0
-222	127479.0	125667.0
-221	127359.0	125680.0
-220	127436.0	125695.0
-219	127418.0	125686.0
-218	127512.0	125684.0
-217	127411.0	125627.0
-216	127414.0	125655.0
-215	127510.0	125680.0
-214	127493.0	125735.0
-213	127539.0	125769.0
-212	127644.0	125663.0
-211	127581.0	125705.0
-210	127578.0	125714.0
-209	127558.0	125676.0
-208	127658.0	125791.0
-207	127760.0	125774.0
-206	127707.0	125710.0
-205	127801.0	125809.0
-204	127718.0	125720.0
-203	127691.0	125796.0
-202	127730.0	125920.0
-201	127811.0	125847.0
-200	127824.0	125869.0
-199	127919.0	125872.0
-198	127989.0	125970.0
-197	127743.0	125751.0
-196	127857.0	125926.0
-195	128062.0	125985.0
-194	127864.0	125846.0
-193	127839.0	125940.0
-192	127935.0	125935.0
-191	127931.0	125896.0
-190	128008.0	125956.0
-189	128163.0	125954.0
-188	128003.0	125909.0
-187	127962.0	126008.0
-186	128004.0	126012.0
-185	128046.0	125997.0
-184	128108.0	125973.0
-183	128141.0	126039.0
-182	128187.0	126070.0
-181	128134.0	126046.0
-180	128190.0	126149.0
-179	128107.0	126024.0
-178	128225.0	126096.0
-177	128139.0	126172.0
-176	128212.0	126081.0
-175	128138.0	126223.0
-174	128281.0	126174.0
-173	128204.0	126126.0
-172	128273.0	126178.0
-171	128337.0	126078.0
-170	128413.0	126092.0
-169	128367.0	126317.0
-168	128291.0	126127.0
-167	128398.0	126168.0
-166	128409.0	126235.0
-165	128456.0	126294.0
-164	128507.0	126102.0
-163	128439.0	126310.0
-162	128545.0	126296.0
-161	128494.0	126336.0
-160	128508.0	126252.0
-159	128588.0	126289.0
-158	128558.0	126323.0
-157	128649.0	126358.0
-156	128542.0	126375.0
-155	128632.0	126441.0
-154	128720.0	126457.0
-153	128551.0	126415.0
-152	128614.0	126431.0
-151	128644.0	126304.0
-150	128730.0	126350.0
-149	128724.0	126394.0
-148	128840.0	126494.0
-147	128817.0	126498.0
-146	128727.0	126580.0
-145	128754.0	126546.0
-144	128958.0	126511.0
-143	128898.0	126420.0
-142	129016.0	126560.0
-141	128891.0	126466.0
-140	128943.0	126634.0
-139	128922.0	126641.0
-138	129098.0	126548.0
-137	129000.0	126681.0
-136	129128.0	126596.0
-135	129226.0	126696.0
-134	129237.0	126659.0
-133	129243.0	126696.0
-132	129432.0	126752.0
-131	129299.0	126694.0
-130	129336.0	126774.0
-129	129430.0	126711.0
-128	129428.0	126649.0
-127	129533.0	126667.0
-126	129548.0	126738.0
-125	129485.0	126703.0
-124	129651.0	126877.0
-123	129680.0	126843.0
-122	129802.0	126785.0
-121	129857.0	126748.0
-120	129945.0	126847.0
-119	129991.0	126826.0
-118	130068.0	126720.0
-117	130167.0	126909.0
-116	130320.0	126957.0
-115	130171.0	126918.0
-114	130494.0	126884.0
-113	130525.0	126966.0
-112	130503.0	126972.0
-111	130650.0	127028.0
-110	130839.0	127005.0
-109	130867.0	126916.0
-108	130945.0	126835.0
-107	130996.0	126990.0
-106	131122.0	126947.0
-105	131299.0	126979.0
-104	131315.0	126928.0
-103	131406.0	127012.0
-102	131526.0	127043.0
-101	131566.0	127041.0
-100	131717.0	127038.0
-99	131876.0	127171.0
-98	132038.0	127076.0
-97	132032.0	127184.0
-96	132326.0	127150.0
-95	132446.0	127083.0
-94	132538.0	127170.0
-93	132635.0	127040.0
-92	132772.0	127256.0
-91	132804.0	127199.0
-90	133128.0	127291.0
-89	133002.0	127189.0
-88	133312.0	127261.0
-87	133488.0	127217.0
-86	133637.0	127374.0
-85	133790.0	127280.0
-84	133934.0	127365.0
-83	134081.0	127332.0
-82	134154.0	127383.0
-81	134376.0	127449.0
-80	134442.0	127350.0
-79	134809.0	127397.0
-78	134860.0	127340.0
-77	135068.0	127317.0
-76	135222.0	127318.0
-75	135343.0	127437.0
-74	135609.0	127428.0
-73	135747.0	127516.0
-72	135910.0	127470.0
-71	136118.0	127583.0
-70	136253.0	127681.0
-69	136383.0	127613.0
-68	136603.0	127563.0
-67	136802.0	127560.0
-66	137058.0	127546.0
-65	137225.0	127628.0
-64	137322.0	127685.0
-63	137504.0	127618.0
-62	137683.0	127618.0
-61	137952.0	127614.0
-60	138158.0	127726.0
-59	138384.0	127742.0
-58	138629.0	127645.0
-57	138793.0	127746.0
-56	138964.0	127899.0
-55	139104.0	127684.0
-54	139362.0	127813.0
-53	139503.0	127747.0
-52	139818.0	127690.0
-51	140112.0	127771.0
-50	140154.0	127800.0
-49	140404.0	127792.0
-48	140750.0	127801.0
-47	140740.0	127916.0
-46	141147.0	127923.0
-45	141297.0	127915.0
-44	141639.0	127827.0
-43	141699.0	127975.0
-42	142037.0	127948.0
-41	142149.0	127957.0
-40	142429.0	127936.0
-39	142674.0	128028.0
-38	142884.0	128043.0
-37	143165.0	128063.0
-36	143395.0	128064.0
-35	143737.0	128094.0
-34	143920.0	128168.0
-33	144218.0	128181.0
-32	144436.0	128156.0
-31	144618.0	128177.0
-30	144920.0	128223.0
-29	145028.0	128061.0
-28	145333.0	128070.0
-27	145629.0	128361.0
-26	145872.0	128326.0
-25	146104.0	128257.0
-24	146365.0	128218.0
-23	146539.0	128374.0
-22	146792.0	128235.0
-21	147049.0	128373.0
-20	147320.0	128340.0
-19	147748.0	128355.0
-18	148027.0	128549.0
-17	148297.0	128451.0
-16	148499.0	128437.0
-15	148689.0	128475.0
-14	148989.0	128506.0
-13	149141.0	128457.0
-12	149388.0	128544.0
-11	149453.0	128556.0
-10	149782.0	128594.0
-9	149874.0	128640.0
-8	149858.0	128564.0
-7	150335.0	128669.0
-6	150697.0	128615.0
-5	150921.0	128623.0
-4	151305.0	128636.0
-3	151286.0	128716.0
-2	151970.0	128747.0
-1	151391.0	128920.0
0	4732.0	127876.0
1	150859.0	129207.0
2	151168.0	128401.0
3	150742.0	129495.0
4	150391.0	128636.0
5	150343.0	128831.0
6	149883.0	128983.0
7	149373.0	128756.0
8	149010.0	129198.0
9	149085.0	128623.0
10	148693.0	128608.0
11	148654.0	128635.0
12	148422.0	128803.0
13	148241.0	128729.0
14	148005.0	128964.0
15	147848.0	129082.0
16	147629.0	129201.0
17	147370.0	129275.0
18	146973.0	129376.0
19	146736.0	129445.0
20	146513.0	129605.0
21	146313.0	129662.0
22	145987.0	129772.0
23	145759.0	129835.0
24	145524.0	129827.0
25	145242.0	129815.0
26	144920.0	129923.0
27	144677.0	130116.0
28	144417.0	130233.0
29	144183.0	130289.0
30	144006.0	130550.0
31	143740.0	130445.0
32	143579.0	130658.0
33	143363.0	130982.0
34	143049.0	130988.0
35	142864.0	131117.0
36	142693.0	131319.0
37	142445.0	131447.0
38	142118.0	131545.0
39	141977.0	131617.0
40	141652.0	131791.0
41	141439.0	131794.0
42	141202.0	132057.0
43	140923.0	132059.0
44	140725.0	132260.0
45	140694.0	132493.0
46	140198.0	132519.0
47	140182.0	132704.0
48	139857.0	132893.0
49	139661.0	133061.0
50	139410.0	133258.0
51	139261.0	133341.0
52	138865.0	133450.0
53	138745.0	133726.0
54	138477.0	133930.0
55	138335.0	133839.0
56	138026.0	134129.0
57	138007.0	134302.0
58	137659.0	134378.0
59	137555.0	134510.0
60	137283.0	134769.0
61	137061.0	134767.0
62	136889.0	134976.0
63	136763.0	135252.0
64	136575.0	135296.0
65	136326.0	135421.0
66	136221.0	135674.0
67	135981.0	135911.0
68	135766.0	135993.0
69	135594.0	136235.0
70	135442.0	136377.0
71	135217.0	136509.0
72	135110.0	136725.0
73	134886.0	136909.0
74	134594.0	137069.0
75	134629.0	137286.0
76	134299.0	137462.0
77	134164.0	137647.0
78	134087.0	137792.0
79	133889.0	138062.0
80	133702.0	138274.0
81	133533.0	138465.0
82	133343.0	138622.0
83	133147.0	138846.0
84	133083.0	139117.0
85	132893.0	139168.0
86	132768.0	139471.0
87	132540.0	139687.0
88	132344.0	139871.0
89	132205.0	140173.0
90	132121.0	140295.0
91	131959.0	140519.0
92	131746.0	140758.0
93	131638.0	140992.0
94	131674.0	141050.0
95	131509.0	141392.0
96	131279.0	141557.0
97	131277.0	141716.0
98	131068.0	142120.0
99	130931.0	142347.0
100	130822.0	142495.0
101	130677.0	142753.0
102	130653.0	143041.0
103	130597.0	143428.0
104	130421.0	143402.0
105	130166.0	143799.0
106	130126.0	143921.0
107	130018.0	144267.0
108	129935.0	144505.0
109	129898.0	144771.0
110	129658.0	144947.0
111	129658.0	145050.0
112	129514.0	145328.0
113	129426.0	145645.0
114	129441.0	145863.0
115	129291.0	146275.0
116	129224.0	146369.0
117	129046.0	146699.0
118	129069.0	146916.0
119	129003.0	147010.0
120	128978.0	147311.0
121	128806.0	147604.0
122	128769.0	147822.0
123	128634.0	148062.0
124	128625.0	148224.0
125	128641.0	148270.0
126	128473.0	148490.0
127	128436.0	148717.0
128	128370.0	148822.0
129	128401.0	149025.0
130	128363.0	149181.0
131	128329.0	149237.0
132	128317.0	149368.0
133	128314.0	149422.0
134	128142.0	149536.0
135	128219.0	149639.0
136	128135.0	149638.0
137	128167.0	149608.0
138	128199.0	149535.0
139	128073.0	149552.0
140	127943.0	149497.0
141	128017.0	149372.0
142	128099.0	149238.0
143	127950.0	149332.0
144	127937.0	149113.0
145	127864.0	149016.0
146	127881.0	148882.0
147	127923.0	148742.0
148	127835.0	148412.0
149	127870.0	148362.0
150	127921.0	148226.0
151	127739.0	147973.0
152	127640.0	147748.0
153	127786.0	147467.0
154	127703.0	147372.0
155	127691.0	147103.0
156	127779.0	146891.0
157	127696.0	146606.0
158	127575.0	146464.0
159	127578.0	146250.0
160	127553.0	145970.0
161	127486.0	145672.0
162	127461.0	145542.0
163	127524.0	145277.0
164	127519.0	145006.0
165	127490.0	144768.0
166	127541.0	144497.0
167	127508.0	144376.0
168	127525.0	144106.0
169	127382.0	143793.0
170	127431.0	143513.0
171	127384.0	143460.0
172	127350.0	143183.0
173	127471.0	142870.0
174	127452.0	142738.0
175	127370.0	142424.0
176	127370.0	142228.0
177	127414.0	142014.0
178	127416.0	141798.0
179	127406.0	141526.0
180	127384.0	141544.0
181	127320.0	141057.0
182	127284.0	140893.0
183	127436.0	140853.0
184	127301.0	140492.0
185	127286.0	140353.0
186	127272.0	139995.0
187	127265.0	139901.0
188	127349.0	139544.0
189	127427.0	139380.0
190	127241.0	139205.0
191	127253.0	138908.0
192	127371.0	138792.0
193	127310.0	138547.0
194	127225.0	138334.0
195	127261.0	138021.0
196	127161.0	137979.0
197	127175.0	137775.0
198	127295.0	137494.0
199	127214.0	137303.0
200	127225.0	137125.0
201	127323.0	137056.0
202	127141.0	136762.0
203	127120.0	136669.0
204	127139.0	136419.0
205	127167.0	136286.0
206	127232.0	136136.0
207	127192.0	136071.0
208	127093.0	135746.0
209	127068.0	135598.0
210	127086.0	135376.0
211	127019.0	135297.0
212	126932.0	134961.0
213	127109.0	134934.0
214	127104.0	134656.0
215	127002.0	134646.0
216	127107.0	134413.0
217	127006.0	134213.0
218	127031.0	133954.0
219	127067.0	133942.0
220	127007.0	133696.0
221	126867.0	133669.0
222	126993.0	133539.0
223	126893.0	133233.0
224	126840.0	133126.0
225	126900.0	132974.0
226	126816.0	132871.0
227	126843.0	132786.0
228	126895.0	132473.0
229	126703.0	132503.0
230	126732.0	132259.0
231	126785.0	132301.0
232	126709.0	132152.0
233	126847.0	131952.0
234	126842.0	131777.0
235	126825.0	131586.0
236	126747.0	131643.0
237	126855.0	131470.0
238	126802.0	131333.0
239	126776.0	131186.0
240	126676.0	131185.0
241	126686.0	131021.0
242	126790.0	130987.0
243	126687.0	130716.0
244	126650.0	130652.0
245	126506.0	130644.0
246	126624.0	130525.0
247	126687.0	130355.0
248	126597.0	130296.0
249	126592.0	130298.0
250	126654.0	130094.0
251	126510.0	130014.0
252	126599.0	129919.0
253	126528.0	129847.0
254	126531.0	129718.0
255	126606.0	129602.0
256	126537.0	129637.0
257	126441.0	129461.0
258	126537.0	129509.0
259	126496.0	129277.0
260	126529.0	129270.0
261	126580.0	129238.0
262	126441.0	129185.0
263	126567.0	129017.0
264	126532.0	128967.0
265	126444.0	128962.0
266	126482.0	128837.0
267	126458.0	128934.0
268	126468.0	128748.0
269	126407.0	128702.0
270	126516.0	128697.0
271	126555.0	128667.0
272	126446.0	128590.0
273	126476.0	128657.0
274	126353.0	128474.0
275	126465.0	128500.0
276	126455.0	128398.0
277	126426.0	128369.0
278	126338.0	128295.0
279	126431.0	128276.0
280	126299.0	128324.0
281	126387.0	128300.0
282	126380.0	128344.0
283	126317.0	128216.0
284	126271.0	128127.0
285	126331.0	128139.0
286	126414.0	128154.0
287	126209.0	127894.0
288	126203.0	128071.0
289	126224.0	127958.0
290	126170.0	127894.0
291	126223.0	127864.0
292	126163.0	127850.0
293	126243.0	127847.0
294	126262.0	127964.0
295	126057.0	127733.0
296	126178.0	127884.0
297	126287.0	128025.0
298	126183.0	127830.0
299	126098.0	127826.0
300	126015.0	127886.0
301	126049.0	127772.0
302	126098.0	127696.0
303	126108.0	127761.0
304	126065.0	127880.0
305	126028.0	127664.0
306	126104.0	127726.0
307	125998.0	127703.0
308	125860.0	127715.0
309	125974.0	127821.0
310	126043.0	127718.0
311	125930.0	127665.0
312	125920.0	127715.0
313	126043.0	127615.0
314	125849.0	127587.0
315	125987.0	127609.0
316	125934.0	127543.0
317	125939.0	127560.0
318	126099.0	127580.0
319	126091.0	127674.0
320	125978.0	127636.0
321	126058.0	127631.0
322	125959.0	127680.0
323	126020.0	127560.0
324	125950.0	127663.0
325	125865.0	127659.0
326	125974.0	127540.0
327	125889.0	127590.0
328	125839.0	127539.0
329	125867.0	127435.0
330	125959.0	127545.0
331	125938.0	127552.0
332	125946.0	127496.0
333	125991.0	127458.0
334	125926.0	127338.0
335	125926.0	127406.0
336	126020.0	127476.0
337	125932.0	127392.0
338	125866.0	127370.0
339	125886.0	127310.0
340	125822.0	127331.0
341	125803.0	127309.0
342	125955.0	127262.0
343	125854.0	127249.0
344	125930.0	127208.0
345	125976.0	127337.0
346	125743.0	127258.0
347	125847.0	127212.0
348	125734.0	127201.0
349	125756.0	127306.0
350	125818.0	127129.0
351	125705.0	127233.0
352	125640.0	127190.0
353	125591.0	127183.0
354	125760.0	127204.0
355	125689.0	127165.0
356	125656.0	127212.0
357	125725.0	127114.0
358	125622.0	127154.0
359	125686.0	127065.0
360	125604.0	127048.0
361	125578.0	127038.0
362	125483.0	126985.0
363	125535.0	127084.0
364	125523.0	127156.0
365	125550.0	127102.0
366	125607.0	127063.0
367	125431.0	126984.0
368	125467.0	126871.0
369	125494.0	127003.0
370	125481.0	126961.0
371	125413.0	126892.0
372	125476.0	127028.0
373	125412.0	126998.0
374	125372.0	126993.0
375	125392.0	126902.0
376	125337.0	126990.0
377	125343.0	126931.0
378	125270.0	127001.0
379	125243.0	127010.0
380	125284.0	126934.0
381	125381.0	126909.0
382	125184.0	126922.0
383	125280.0	126942.0
384	125202.0	126861.0
385	125235.0	126948.0
386	125121.0	126855.0
387	125277.0	126873.0
388	125202.0	126789.0
389	125152.0	126769.0
390	125156.0	126784.0
391	125164.0	126811.0
392	125171.0	126823.0
393	125048.0	126747.0
394	125105.0	126788.0
395	125115.0	126910.0
396	125089.0	126754.0
397	125065.0	126785.0
398	124985.0	126782.0
399	125062.0	126883.0
400	124997.0	126818.0
401	124985.0	126803.0
402	125042.0	126859.0
403	124936.0	126810.0
404	125002.0	126859.0
405	124894.0	126741.0
406	124949.0	126679.0
407	124875.0	126814.0
408	124930.0	126767.0
409	124724.0	126837.0
410	124795.0	126617.0
411	124833.0	126712.0
412	124854.0	126670.0
413	124761.0	126551.0
414	124819.0	126679.0
415	124741.0	126656.0
416	124724.0	126686.0
417	124864.0	126599.0
418	124789.0	126599.0
419	124642.0	126681.0
420	124782.0	126532.0
421	124768.0	126495.0
422	124740.0	126579.0
423	124784.0	126505.0
424	124715.0	126479.0
425	124697.0	126577.0
426	124688.0	126503.0
427	124630.0	126560.0
428	124570.0	126567.0
429	124612.0	126532.0
430	124405.0	126412.0
431	124555.0	126386.0
432	124469.0	126406.0
433	124356.0	126378.0
434	124483.0	126264.0
435	124370.0	126308.0
436	124343.0	126415.0
437	124389.0	126385.0
438	124289.0	126300.0
439	124302.0	126345.0
440	124198.0	126362.0
441	124317.0	126468.0
442	124287.0	126424.0
443	124302.0	126399.0
444	124175.0	126329.0
445	124258.0	126356.0
446	124198.0	126375.0
447	124151.0	126280.0
448	124133.0	126183.0
449	124074.0	126215.0
450	124216.0	126299.0
451	124163.0	126296.0
452	124000.0	126185.0
453	124087.0	126230.0
454	124023.0	126182.0
455	123992.0	126195.0
456	124042.0	126237.0
457	124056.0	126306.0
458	123872.0	126198.0
459	123917.0	126199.0
460	123929.0	126134.0
461	123977.0	126232.0
462	123986.0	126161.0
463	123913.0	126136.0
464	123873.0	126107.0
465	123986.0	126229.0
466	123785.0	126087.0
467	123899.0	126040.0
468	123886.0	126217.0
469	123846.0	126109.0
470	123753.0	126108.0
471	123725.0	126086.0
472	123655.0	126095.0
473	123831.0	126112.0
474	123690.0	126137.0
475	123640.0	126061.0
476	123835.0	126017.0
477	123729.0	126079.0
478	123640.0	126154.0
479	123636.0	126104.0
480	123673.0	126108.0
481	123726.0	125970.0
482	123667.0	125916.0
483	123711.0	125998.0
484	123606.0	125947.0
485	123545.0	125909.0
486	123751.0	125850.0
487	123690.0	126006.0
488	123581.0	125855.0
489	123743.0	125806.0
490	123607.0	125786.0
491	123621.0	125808.0
492	123712.0	125762.0
493	123711.0	126046.0
494	123620.0	125839.0
495	123563.0	125771.0
496	123627.0	125786.0
497	123611.0	125863.0
498	123725.0	125798.0
499	123536.0	125811.0
500	123608.0	125792.0
501	123670.0	125752.0
502	123667.0	125797.0
503	123615.0	125718.0
504	123702.0	125751.0
505	123634.0	125825.0
506	123681.0	125799.0
507	123650.0	125655.0
508	123628.0	125647.0
509	123680.0	125707.0
510	123820.0	125673.0
511	123777.0	125663.0
512	123686.0	125725.0
513	123780.0	125552.0
514	123694.0	125633.0
515	123785.0	125592.0
516	123803.0	125593.0
517	123631.0	125582.0
518	123631.0	125475.0
519	123784.0	125623.0
520	123855.0	125382.0
521	123615.0	125513.0
522	123836.0	125462.0
523	123725.0	125502.0
524	123806.0	125410.0
525	123845.0	125399.0
526	123847.0	125513.0
527	123752.0	125394.0
528	123799.0	125466.0
529	123731.0	125349.0
530	123796.0	125353.0
531	123913.0	125307.0
532	123828.0	125299.0
533	123932.0	125366.0
534	123854.0	125325.0
535	123816.0	125147.0
536	123943.0	125250.0
537	123927.0	125185.0
538	123858.0	125205.0
539	123820.0	125208.0
540	123891.0	125222.0
541	123900.0	125138.0
542	123922.0	125096.0
543	123916.0	125083.0
544	123980.0	125076.0
545	123963.0	125070.0
546	123930.0	125131.0
547	123935.0	125054.0
548	124016.0	125140.0
549	124034.0	124968.0
550	124061.0	125088.0
551	124069.0	125050.0
552	123999.0	124957.0
553	124030.0	124926.0
554	124068.0	124975.0
555	124044.0	124934.0
556	124170.0	124911.0
557	124030.0	124858.0
558	124013.0	124834.0
559	124145.0	124756.0
560	124103.0	124857.0
561	124171.0	124783.0
562	124182.0	124704.0
563	124004.0	124779.0
564	124169.0	124698.0
565	124131.0	124646.0
566	124114.0	124704.0
567	124184.0	124651.0
568	124105.0	124573.0
569	124149.0	124560.0
570	124198.0	124444.0
571	124156.0	124579.0
572	124163.0	124500.0
573	124215.0	124477.0
574	124115.0	124377.0
575	124206.0	124361.0
576	124171.0	124353.0
577	124131.0	124378.0
578	124126.0	124368.0
579	124254.0	124263.0
580	124242.0	124216.0
581	124273.0	124246.0
582	124214.0	124225.0
583	124186.0	124082.0
584	124161.0	124261.0
585	124297.0	124175.0
586	124144.0	124186.0
587	124269.0	124079.0
588	124218.0	124056.0
589	124307.0	124065.0
590	124185.0	124023.0
591	124178.0	124054.0
592	124170.0	123881.0
593	124191.0	124083.0
594	124192.0	124037.0
595	124145.0	124165.0
596	124176.0	124099.0
597	124236.0	123977.0
598	124248.0	123938.0
599	124223.0	123844.0
600	124318.0	123858.0
601	124293.0	123734.0
602	124287.0	123757.0
603	124255.0	123811.0
604	124324.0	123799.0
605	124256.0	123755.0
606	124239.0	123834.0
607	124325.0	123570.0
608	124275.0	123850.0
609	124266.0	123671.0
610	124315.0	123768.0
611	124220.0	123781.0
612	124330.0	123650.0
613	124117.0	123704.0
614	124223.0	123679.0
615	124255.0	123749.0
616	124260.0	123641.0
617	124127.0	123601.0
618	124068.0	123667.0
619	124166.0	123668.0
620	124137.0	123683.0
621	124097.0	123667.0
622	124090.0	123710.0
623	124145.0	123570.0
624	124170.0	123671.0
625	124249.0	123674.0
626	124092.0	123657.0
627	124155.0	123579.0
628	124046.0	123637.0
629	124182.0	123722.0
630	124140.0	123770.0
631	124115.0	123794.0
632	124087.0	123579.0
633	124090.0	123708.0
634	124031.0	123585.0
635	124133.0	123606.0
636	123989.0	123583.0
637	124026.0	123758.0
638	124096.0	123657.0
639	124014.0	123807.0
640	124102.0	123702.0
641	123945.0	123782.0
642	124056.0	123656.0
643	123966.0	123780.0
644	124063.0	123804.0
645	123982.0	123792.0
646	123962.0	123748.0
647	124021.0	123836.0
648	123956.0	123669.0
649	123878.0	123846.0
650	124006.0	123805.0
651	123953.0	123926.0
652	124011.0	123760.0
653	123910.0	123813.0
654	123901.0	123862.0
655	123944.0	123875.0
656	123856.0	123853.0
657	124120.0	123942.0
658	123829.0	123918.0
659	123867.0	123879.0
660	123843.0	123915.0
661	123895.0	124011.0
662	123774.0	123910.0
663	123911.0	124014.0
664	123842.0	123916.0
665	123821.0	124052.0
666	123861.0	123901.0
667	123839.0	123991.0
668	123842.0	124002.0
669	123867.0	124058.0
670	123838.0	123978.0
671	123670.0	123966.0
672	123758.0	124083.0
673	123742.0	124023.0
674	123794.0	124145.0
675	123759.0	124026.0
676	123735.0	124115.0
677	123714.0	124124.0
678	123767.0	124063.0
679	123696.0	124121.0
680	123870.0	124124.0
681	123732.0	124169.0
682	123697.0	124169.0
683	123744.0	124117.0
684	123691.0	124285.0
685	123696.0	124046.0
686	123788.0	124187.0
687	123695.0	124144.0
688	123633.0	124145.0
689	123596.0	124234.0
690	123626.0	124197.0
691	123642.0	124149.0
692	123656.0	124187.0
693	123515.0	124259.0
694	123643.0	124246.0
695	123629.0	124304.0
696	123660.0	124267.0
697	123496.0	124315.0
698	123533.0	124180.0
699	123647.0	124354.0
700	123590.0	124186.0
701	123580.0	124281.0
702	123615.0	124203.0
703	123588.0	124366.0
704	123541.0	124268.0
705	123499.0	124234.0
706	123643.0	124362.0
707	123517.0	124204.0
708	123623.0	124310.0
709	123500.0	124379.0
710	123412.0	124290.0
711	123574.0	124278.0
712	123503.0	124275.0
713	123505.0	124290.0
714	123436.0	124342.0
715	123428.0	124380.0
716	123479.0	124375.0
717	123510.0	124376.0
718	123394.0	124345.0
719	123329.0	124396.0
720	123422.0	124309.0
721	123250.0	124375.0
722	123337.0	124387.0
723	123367.0	124454.0
724	123207.0	124317.0
725	123421.0	124397.0
726	123334.0	124419.0
727	123268.0	124391.0
728	123218.0	124491.0
729	123204.0	124345.0
730	123194.0	124476.0
731	123246.0	124321.0
732	123246.0	124549.0
733	123191.0	124418.0
734	123248.0	124360.0
735	123062.0	124582.0
736	123277.0	124442.0
737	123195.0	124375.0
738	123164.0	124503.0
739	123152.0	124473.0
740	123137.0	124444.0
741	123227.0	124459.0
742	123252.0	124458.0
743	123155.0	124343.0
744	123074.0	124516.0
745	123173.0	124465.0
746	123146.0	124380.0
747	123192.0	124305.0
748	123162.0	124448.0
749	123189.0	124391.0
750	123249.0	124444.0
751	123150.0	124403.0
752	123157.0	124426.0
753	123249.0	124372.0
754	123181.0	124383.0
755	123220.0	124300.0
756	123196.0	124376.0
757	123192.0	124316.0
758	123139.0	124384.0
759	123221.0	124419.0
760	123114.0	124435.0
761	123132.0	124385.0
762	123154.0	124336.0
763	123146.0	124358.0
764	123187.0	124236.0
765	123212.0	124251.0
766	123165.0	124417.0
767	123275.0	124384.0
768	123261.0	124295.0
769	123218.0	124305.0
770	123228.0	124475.0
771	123291.0	124250.0
772	123193.0	124342.0
773	123165.0	124380.0
774	123257.0	124236.0
775	123258.0	124289.0
776	123181.0	124244.0
777	123199.0	124214.0
778	123331.0	124307.0
779	123241.0	124314.0
780	123338.0	124322.0
781	123284.0	124156.0
782	123348.0	124244.0
783	123440.0	124209.0
784	123255.0	124310.0
785	123433.0	124326.0
786	123367.0	124233.0
787	123375.0	124228.0
788	123353.0	124210.0
789	123373.0	124298.0
790	123338.0	124243.0
791	123374.0	124225.0
792	123385.0	124197.0
793	123275.0	124117.0
794	123328.0	124143.0
795	123445.0	124207.0
796	123356.0	124096.0
797	123399.0	124031.0
798	123388.0	124094.0
799	123452.0	124100.0
800	123354.0	124094.0
801	123424.0	124042.0
802	123421.0	123998.0
803	123439.0	123982.0
804	123363.0	123989.0
805	123490.0	123885.0
806	123492.0	124003.0
807	123503.0	124088.0
808	123537.0	124006.0
809	123523.0	124013.0
810	123493.0	124057.0
811	123467.0	123963.0
812	123500.0	123930.0
813	123492.0	124015.0
814	123607.0	123953.0
815	123612.0	123882.0
816	123549.0	123884.0
817	123562.0	123903.0
818	123555.0	124005.0
819	123587.0	123850.0
820	123508.0	123849.0
821	123485.0	123928.0
822	123532.0	123897.0
823	123458.0	123848.0
824	123600.0	123807.0
825	123656.0	123686.0
826	123505.0	123881.0
827	123610.0	123904.0
828	123513.0	123804.0
829	123510.0	123851.0
830	123605.0	123831.0
831	123704.0	123861.0
832	123591.0	123772.0
833	123523.0	123855.0
834	123590.0	123728.0
835	123622.0	123845.0
836	123616.0	123736.0
837	123572.0	123653.0
838	123494.0	123677.0
839	123560.0	123698.0
840	123620.0	123618.0
841	123674.0	123724.0
842	123689.0	123695.0
843	123563.0	123635.0
844	123670.0	123659.0
845	123668.0	123708.0
846	123737.0	123727.0
847	123722.0	123717.0
848	123685.0	123571.0
849	123784.0	123700.0
850	123669.0	123665.0
851	123665.0	123679.0
852	123744.0	123634.0
853	123804.0	123628.0
854	123739.0	123708.0
855	123723.0	123589.0
856	123814.0	123483.0
857	123769.0	123577.0
858	123893.0	123499.0
859	123752.0	123561.0
860	123750.0	123535.0
861	123817.0	123523.0
862	123902.0	123550.0
863	123787.0	123544.0
864	123953.0	123480.0
865	123979.0	123474.0
866	123895.0	123540.0
867	123899.0	123459.0
868	123899.0	123483.0
869	123798.0	123418.0
870	123902.0	123432.0
871	123823.0	123370.0
872	123991.0	123380.0
873	123941.0	123371.0
874	123931.0	123419.0
875	123938.0	123441.0
876	123830.0	123334.0
877	124021.0	123327.0
878	123982.0	123357.0
879	123845.0	123289.0
880	124049.0	123268.0
881	124010.0	123309.0
882	123923.0	123280.0
883	123915.0	123245.0
884	123942.0	123246.0
885	123820.0	123295.0
886	123940.0	123362.0
887	123927.0	123252.0
888	123891.0	123201.0
889	123882.0	123270.0
890	123917.0	123192.0
891	123954.0	123288.0
892	123889.0	123200.0
893	123835.0	123156.0
894	123910.0	123174.0
895	123811.0	123284.0
896	123893.0	123194.0
897	123977.0	123244.0
898	123780.0	123218.0
899	123767.0	123251.0
900	123921.0	123294.0
901	123783.0	123196.0
902	123838.0	123224.0
903	123772.0	123101.0
904	123648.0	123160.0
905	123811.0	123262.0
906	123788.0	123165.0
907	123749.0	123316.0
908	123729.0	123237.0
909	123840.0	123322.0
910	123755.0	123169.0
911	123721.0	123338.0
912	123687.0	123288.0
913	123733.0	123262.0
914	123683.0	123306.0
915	123573.0	123297.0
916	123535.0	123278.0
917	123640.0	123310.0
918	123701.0	123279.0
919	123658.0	123291.0
920	123630.0	123246.0
921	123658.0	123320.0
922	123769.0	123302.0
923	123645.0	123452.0
924	123656.0	123391.0
925	123741.0	123330.0
926	123567.0	123291.0
927	123595.0	123289.0
928	123624.0	123324.0
929	123610.0	123384.0
930	123539.0	123377.0
931	123551.0	123372.0
932	123533.0	123382.0
933	123668.0	123442.0
934	123502.0	123392.0
935	123506.0	123455.0
936	123572.0	123404.0
937	123520.0	123407.0
938	123565.0	123460.0
939	123538.0	123416.0
940	123447.0	123451.0
941	123487.0	123402.0
942	123436.0	123391.0
943	123442.0	123326.0
944	123494.0	123510.0
945	123416.0	123392.0
946	123361.0	123480.0
947	123437.0	123492.0
948	123471.0	123468.0
949	123446.0	123475.0
950	123443.0	123446.0
951	123392.0	123418.0
952	123367.0	123358.0
953	123425.0	123414.0
954	123357.0	123634.0
955	123362.0	123524.0
956	123379.0	123491.0
957	123462.0	123450.0
958	123442.0	123379.0
959	123341.0	123512.0
960	123395.0	123449.0
961	123345.0	123438.0
962	123504.0	123405.0
963	123380.0	123423.0
964	123418.0	123481.0
965	123418.0	123444.0
966	123421.0	123504.0
967	123378.0	123452.0
968	123273.0	123403.0
969	123384.0	123556.0
970	123363.0	123699.0
971	123255.0	123613.0
972	123355.0	123569.0
973	123388.0	123621.0
974	123358.0	123592.0
975	123354.0	123675.0
976	123243.0	123492.0
977	123234.0	123610.0
978	123273.0	123596.0
979	123349.0	123647.0
980	123340.0	123586.0
981	123264.0	123616.0
982	123158.0	123654.0
983	123378.0	123587.0
984	123330.0	123721.0
985	123252.0	123669.0
986	123341.0	123643.0
987	123394.0	123759.0
988	123241.0	123657.0
989	123326.0	123703.0
990	123341.0	123796.0
991	123319.0	123682.0
992	123378.0	123784.0
993	123333.0	123736.0
994	123342.0	123740.0
995	123307.0	123737.0
996	123247.0	123784.0
997	123294.0	123826.0
998	123284.0	123858.0
999	123365.0	123962.0
1000	123230.0	123832.0
1001	123343.0	123895.0
1002	123360.0	123788.0
1003	123295.0	123853.0
1004	123273.0	123826.0
1005	123231.0	123873.0
1006	123392.0	123795.0
1007	123309.0	123910.0
1008	123259.0	123901.0
1009	123304.0	123887.0
1010	123193.0	123782.0
1011	123387.0	124022.0
1012	123367.0	123952.0
1013	123426.0	123882.0
1014	123329.0	123974.0
1015	123261.0	123944.0
1016	123338.0	124050.0
1017	123343.0	123949.0
1018	123224.0	124084.0
1019	123261.0	124025.0
1020	123272.0	123865.0
1021	123238.0	123936.0
1022	123250.0	123884.0
1023	123280.0	123930.0
1024	123317.0	123978.0
1025	123211.0	123939.0
1026	123309.0	124035.0
1027	123244.0	124111.0
1028	123246.0	123899.0
1029	123228.0	123902.0
1030	123222.0	123892.0
1031	123336.0	124011.0
1032	123292.0	123933.0
1033	123237.0	123975.0
1034	123375.0	123925.0
1035	123227.0	123898.0
1036	123248.0	123905.0
1037	123235.0	123969.0
1038	123238.0	123919.0
1039	123135.0	123976.0
1040	123194.0	123841.0
1041	123199.0	124026.0
1042	123168.0	123832.0
1043	123292.0	123939.0
1044	123230.0	123935.0
1045	123201.0	124019.0
1046	123141.0	123938.0
1047	123195.0	123936.0
1048	123116.0	123895.0
1049	123217.0	124082.0
1050	123136.0	123854.0
1051	123186.0	124019.0
1052	123112.0	124009.0
1053	123170.0	123927.0
1054	123147.0	123908.0
1055	123211.0	123858.0
1056	123259.0	123865.0
1057	123090.0	123920.0
1058	123140.0	123982.0
1059	123154.0	123861.0
1060	123069.0	123883.0
1061	123099.0	123895.0
1062	123141.0	123839.0
1063	123084.0	123806.0
1064	122996.0	123747.0
1065	123118.0	123818.0
1066	123065.0	123729.0
1067	123137.0	123816.0
1068	123084.0	123874.0
1069	123169.0	123708.0
1070	123151.0	123868.0
1071	123127.0	123757.0
1072	123013.0	123888.0
1073	123067.0	123783.0
1074	123162.0	123866.0
1075	123082.0	123664.0
1076	123106.0	123769.0
1077	123115.0	123841.0
1078	123062.0	123717.0
1079	123142.0	123729.0
1080	122987.0	123669.0
1081	123097.0	123663.0
1082	123012.0	123683.0
1083	123235.0	123522.0
1084	123084.0	123745.0
1085	123167.0	123673.0
1086	123145.0	123757.0
1087	123197.0	123628.0
1088	123327.0	123640.0
1089	123147.0	123752.0
1090	123104.0	123634.0
1091	123158.0	123549.0
1092	123122.0	123555.0
1093	123158.0	123594.0
1094	123113.0	123668.0
1095	123193.0	123583.0
1096	123089.0	123731.0
1097	123156.0	123580.0
1098	123274.0	123625.0
1099	123110.0	123543.0
1100	123131.0	123555.0
1101	123171.0	123571.0
1102	123222.0	123630.0
1103	123276.0	123527.0
1104	123283.0	123483.0
1105	123259.0	123484.0
1106	123276.0	123459.0
1107	123354.0	123505.0
1108	123287.0	123464.0
1109	123300.0	123507.0
1110	123319.0	123523.0
1111	123467.0	123408.0
1112	123232.0	123451.0
1113	123507.0	123461.0
1114	123332.0	123523.0
1115	123483.0	123425.0
1116	123351.0	123479.0
1117	123518.0	123414.0
1118	123463.0	123449.0
1119	123518.0	123477.0
1120	123481.0	123449.0
1121	123553.0	123435.0
1122	123366.0	123573.0
1123	123392.0	123492.0
1124	123369.0	123312.0
1125	123458.0	123435.0
1126	123410.0	123486.0
1127	123478.0	123404.0
1128	123444.0	123430.0
1129	123384.0	123474.0
1130	123480.0	123323.0
1131	123476.0	123449.0
1132	123432.0	123499.0
1133	123507.0	123520.0
1134	123544.0	123356.0
1135	123454.0	123329.0
1136	123428.0	123342.0
1137	123399.0	123391.0
1138	123446.0	123446.0
1139	123329.0	123437.0
1140	123444.0	123338.0
1141	123396.0	123349.0
1142	123482.0	123423.0
1143	123554.0	123540.0
1144	123471.0	123367.0
1145	123358.0	123386.0
1146	123549.0	123498.0
1147	123555.0	123502.0
1148	123646.0	123250.0
1149	123632.0	123416.0
1150	123647.0	123441.0
1151	123583.0	123372.0
1152	123589.0	123422.0
1153	123539.0	123422.0
1154	123592.0	123461.0
1155	123636.0	123416.0
1156	123538.0	123427.0
1157	123607.0	123358.0
1158	123703.0	123449.0
1159	123613.0	123423.0
1160	123615.0	123484.0
1161	123583.0	123428.0
1162	123737.0	123439.0
1163	123691.0	123388.0
1164	123653.0	123371.0
1165	123590.0	123442.0
1166	123704.0	123379.0
1167	123635.0	123241.0
1168	123684.0	123383.0
1169	123762.0	123268.0
1170	123676.0	123399.0
1171	123739.0	123295.0
1172	123654.0	123335.0
1173	123693.0	123387.0
1174	123697.0	123330.0
1175	123651.0	123258.0
1176	123788.0	123268.0
1177	123825.0	123384.0
1178	123672.0	123235.0
1179	123711.0	123337.0
1180	123726.0	123316.0
1181	123727.0	123369.0
1182	123698.0	123445.0
1183	123592.0	123295.0
1184	123721.0	123373.0
1185	123739.0	123316.0
1186	123524.0	123372.0
1187	123621.0	123229.0
1188	123680.0	123176.0
1189	123562.0	123331.0
1190	123698.0	123317.0
1191	123664.0	123287.0
1192	123559.0	123159.0
1193	123655.0	123313.0
1194	123569.0	123306.0
1195	123534.0	123295.0
1196	123558.0	123243.0
1197	123587.0	123204.0
1198	123539.0	123185.0
1199	123568.0	123328.0
1200	123647.0	123317.0
1201	123550.0	123189.0
1202	123655.0	123196.0
1203	123644.0	123299.0
1204	123570.0	123277.0
1205	123736.0	123200.0
1206	123580.0	123412.0
1207	123559.0	123264.0
1208	123584.0	123346.0
1209	123628.0	123313.0
1210	123582.0	123334.0
1211	123597.0	123332.0
1212	123553.0	123376.0
1213	123550.0	123266.0
1214	123514.0	123406.0
1215	123599.0	123292.0
1216	123440.0	123196.0
1217	123453.0	123358.0
1218	123575.0	123307.0
1219	123570.0	123328.0
1220	123394.0	123271.0
1221	123447.0	123321.0
1222	123407.0	123282.0
1223	123455.0	123397.0
1224	123411.0	123275.0
1225	123442.0	123248.0
1226	123414.0	123386.0
1227	123400.0	123248.0
1228	123431.0	123299.0
1229	123517.0	123321.0
1230	123512.0	123250.0
1231	123353.0	123324.0
1232	123479.0	123438.0
1233	123377.0	123393.0
1234	123461.0	123325.0
1235	123611.0	123366.0
1236	123481.0	123424.0
1237	123474.0	123269.0
1238	123448.0	123254.0
1239	123403.0	123349.0
1240	123494.0	123343.0
1241	123511.0	123428.0
1242	123532.0	123434.0
1243	123509.0	123306.0
1244	123398.0	123552.0
1245	123484.0	123318.0
1246	123362.0	123466.0
1247	123472.0	123494.0
1248	123516.0	123521.0
1249	123421.0	123422.0
1250	123326.0	123450.0
1251	123399.0	123459.0
1252	123438.0	123574.0
1253	123429.0	123510.0
1254	123466.0	123546.0
1255	123419.0	123561.0
1256	123338.0	123619.0
1257	123374.0	123607.0
1258	123369.0	123578.0
1259	123384.0	123618.0
1260	123463.0	123513.0
1261	123359.0	123583.0
1262	123434.0	123530.0
1263	123409.0	123580.0
1264	123332.0	123591.0
1265	123463.0	123549.0
1266	123504.0	123662.0
1267	123405.0	123595.0
1268	123359.0	123643.0
1269	123457.0	123551.0
1270	123402.0	123611.0
1271	123450.0	123626.0
1272	123577.0	123453.0
1273	123443.0	123684.0
1274	123381.0	123612.0
1275	123474.0	123584.0
1276	123480.0	123572.0
1277	123443.0	123493.0
1278	123485.0	123540.0
1279	123518.0	123667.0
1280	123386.0	123570.0
1281	123417.0	123632.0
1282	123493.0	123663.0
1283	123465.0	123632.0
1284	123509.0	123653.0
1285	123382.0	123582.0
1286	123454.0	123647.0
1287	123490.0	123636.0
1288	123414.0	123627.0
1289	123368.0	123762.0
1290	123379.0	123563.0
1291	123395.0	123640.0
1292	123470.0	123617.0
1293	123461.0	123698.0
1294	123447.0	123736.0
1295	123411.0	123753.0
1296	123394.0	123823.0
1297	123410.0	123646.0
1298	123470.0	123756.0
1299	123414.0	123818.0
1300	123266.0	123652.0
1301	123241.0	123751.0
1302	123329.0	123661.0
1303	123297.0	123739.0
1304	123396.0	123683.0
1305	123281.0	123774.0
1306	123225.0	123698.0
1307	123297.0	123684.0
1308	123385.0	123753.0
1309	123344.0	123709.0
1310	123293.0	123751.0
1311	123253.0	123804.0
1312	123270.0	123773.0
1313	123187.0	123782.0
1314	123193.0	123747.0
1315	123203.0	123666.0
1316	123245.0	123793.0
1317	123180.0	123703.0
1318	123193.0	123690.0
1319	123147.0	123763.0
1320	123198.0	123769.0
1321	123157.0	123833.0
1322	123085.0	123783.0
1323	123189.0	123684.0
1324	123090.0	123696.0
1325	123154.0	123680.0
1326	123136.0	123725.0
1327	123193.0	123664.0
1328	123105.0	123566.0
1329	123046.0	123659.0
1330	123133.0	123628.0
1331	123086.0	123645.0
1332	123179.0	123619.0
1333	123069.0	123600.0
1334	123177.0	123654.0
1335	123109.0	123696.0
1336	123146.0	123617.0
1337	123038.0	123676.0
1338	123074.0	123705.0
1339	123069.0	123746.0
1340	123240.0	123591.0
1341	123089.0	123738.0
1342	123152.0	123594.0
1343	123117.0	123688.0
1344	123022.0	123605.0
1345	123179.0	123627.0
1346	123115.0	123474.0
1347	123198.0	123621.0
1348	123192.0	123501.0
1349	123243.0	123516.0
1350	123112.0	123643.0
1351	123174.0	123507.0
1352	123070.0	123657.0
1353	123261.0	123525.0
1354	123137.0	123518.0
1355	123199.0	123436.0
1356	123201.0	123520.0
1357	123136.0	123530.0
1358	123203.0	123620.0
1359	123160.0	123479.0
1360	123222.0	123485.0
1361	123227.0	123564.0
1362	123252.0	123523.0
1363	123168.0	123529.0
1364	123332.0	123539.0
1365	123311.0	123476.0
1366	123253.0	123515.0
1367	123264.0	123552.0
1368	123312.0	123595.0
1369	123333.0	123542.0
1370	123199.0	123573.0
1371	123195.0	123553.0
1372	123280.0	123617.0
1373	123207.0	123617.0
1374	123325.0	123492.0
1375	123256.0	123555.0
1376	123361.0	123473.0
1377	123300.0	123605.0
1378	123346.0	123537.0
1379	123274.0	123537.0
1380	123307.0	123614.0
1381	123318.0	123524.0
1382	123306.0	123587.0
1383	123345.0	123516.0
1384	123269.0	123602.0
1385	123275.0	123648.0
1386	123330.0	123654.0
1387	123380.0	123713.0
1388	123335.0	123610.0
1389	123326.0	123688.0
1390	123270.0	123685.0
1391	123354.0	123722.0
1392	123433.0	123675.0
1393	123326.0	123684.0
1394	123349.0	123710.0
1395	123404.0	123693.0
1396	123341.0	123700.0
1397	123340.0	123624.0
1398	123367.0	123696.0
1399	123283.0	123681.0
1400	123375.0	123733.0
1401	123469.0	123732.0
1402	123402.0	123652.0
1403	123440.0	123689.0
1404	123387.0	123655.0
1405	123478.0	123702.0
1406	123433.0	123680.0
1407	123456.0	123632.0
1408	123379.0	123534.0
1409	123424.0	123621.0
1410	123547.0	123590.0
1411	123494.0	123777.0
1412	123594.0	123577.0
1413	123490.0	123600.0
1414	123547.0	123592.0
1415	123428.0	123602.0
1416	123542.0	123596.0
1417	123495.0	123624.0
1418	123512.0	123644.0
1419	123601.0	123642.0
1420	123649.0	123728.0
1421	123579.0	123572.0
1422	123657.0	123620.0
1423	123689.0	123617.0
1424	123672.0	123641.0
1425	123657.0	123552.0
1426	123693.0	123493.0
1427	123657.0	123456.0
1428	123769.0	123548.0
1429	123731.0	123505.0
1430	123635.0	123412.0
1431	123724.0	123516.0
1432	123708.0	123452.0
1433	123692.0	123483.0
1434	123746.0	123459.0
1435	123788.0	123451.0
1436	123818.0	123514.0
1437	123808.0	123484.0
1438	123767.0	123488.0
1439	123843.0	123434.0
1440	123818.0	123468.0
1441	123785.0	123541.0
1442	123812.0	123406.0
1443	123834.0	123529.0
1444	123847.0	123512.0
1445	123723.0	123493.0
1446	123893.0	123413.0
1447	123798.0	123427.0
1448	123930.0	123413.0
1449	123952.0	123559.0
1450	123909.0	123365.0
1451	123910.0	123332.0
1452	123892.0	123354.0
1453	123977.0	123358.0
1454	124038.0	123468.0
1455	123996.0	123383.0
1456	123933.0	123405.0
1457	123913.0	123374.0
1458	123986.0	123380.0
1459	123949.0	123325.0
1460	123942.0	123371.0
1461	123930.0	123417.0
1462	124102.0	123235.0
1463	123989.0	123280.0
1464	123902.0	123351.0
1465	124014.0	123308.0
1466	123995.0	123356.0
1467	123988.0	123298.0
1468	123994.0	123351.0
1469	124141.0	123343.0
1470	124030.0	123390.0
1471	123975.0	123242.0
1472	124073.0	123387.0
1473	123961.0	123185.0
1474	124007.0	123253.0
1475	123989.0	123244.0
1476	123947.0	123236.0
1477	123909.0	123299.0
1478	124057.0	123260.0
1479	124028.0	123205.0
1480	124012.0	123327.0
1481	124012.0	123299.0
1482	124131.0	123170.0
1483	123995.0	123324.0
1484	124000.0	123225.0
1485	124069.0	123363.0
1486	124006.0	123314.0
1487	123998.0	123358.0
1488	124093.0	123356.0
1489	123941.0	123376.0
1490	124001.0	123332.0
1491	123967.0	123399.0
1492	123965.0	123434.0
1493	123910.0	123418.0
1494	123963.0	123449.0
1495	123904.0	123324.0
1496	123941.0	123433.0
1497	123908.0	123367.0
1498	123984.0	123410.0
1499	123912.0	123405.0
1500	123959.0	123515.0
1501	123940.0	123544.0
1502	123907.0	123560.0
1503	123889.0	123533.0
1504	123958.0	123443.0
1505	123971.0	123529.0
1506	123954.0	123500.0
1507	123856.0	123542.0
1508	123782.0	123484.0
1509	123888.0	123636.0
1510	123922.0	123647.0
1511	123760.0	123683.0
1512	123894.0	123757.0
1513	123930.0	123600.0
1514	123858.0	123596.0
1515	123841.0	123708.0
1516	123751.0	123662.0
1517	123780.0	123670.0
1518	123804.0	123650.0
1519	123785.0	123586.0
1520	123767.0	123602.0
1521	123816.0	123708.0
1522	123753.0	123620.0
1523	123800.0	123810.0
1524	123758.0	123798.0
1525	123694.0	123604.0
1526	123729.0	123658.0
1527	123750.0	123712.0
1528	123812.0	123651.0
1529	123813.0	123889.0
1530	123770.0	123598.0
1531	123879.0	123682.0
1532	123848.0	123773.0
1533	123811.0	123793.0
1534	123867.0	123657.0
1535	123812.0	123788.0
1536	123816.0	123877.0
1537	123794.0	123802.0
1538	123796.0	123902.0
1539	123791.0	123767.0
1540	123811.0	123812.0
1541	123793.0	123851.0
1542	123796.0	123747.0
1543	123678.0	123764.0
1544	123822.0	123838.0
1545	123680.0	123757.0
1546	123687.0	123840.0
1547	123788.0	123777.0
1548	123862.0	123731.0
1549	123745.0	123799.0
1550	123680.0	123796.0
1551	123627.0	123767.0
1552	123765.0	123795.0
1553	123685.0	123779.0
1554	123741.0	123899.0
1555	123642.0	123927.0
1556	123670.0	123816.0
1557	123694.0	124073.0
1558	123633.0	123800.0
1559	123762.0	123888.0
1560	123765.0	123887.0
1561	123729.0	123951.0
1562	123687.0	123881.0
1563	123719.0	123943.0
1564	123805.0	123897.0
1565	123913.0	123952.0
1566	123753.0	124019.0
1567	123719.0	123993.0
1568	123794.0	124047.0
1569	123749.0	124081.0
1570	123812.0	124068.0
1571	123803.0	123973.0
1572	123780.0	124109.0
1573	123774.0	124107.0
1574	123804.0	124112.0
1575	123791.0	124111.0
1576	123827.0	124170.0
1577	123673.0	124079.0
1578	123771.0	124165.0
1579	123744.0	124121.0
1580	123740.0	124119.0
1581	123737.0	124255.0
1582	123718.0	124170.0
1583	123743.0	124171.0
1584	123804.0	124245.0
1585	123796.0	124221.0
1586	123678.0	124256.0
1587	123689.0	124151.0
1588	123744.0	124155.0
1589	123740.0	124164.0
1590	123762.0	124383.0
1591	123720.0	124218.0
1592	123757.0	124149.0
1593	123725.0	124152.0
1594	123648.0	124133.0
1595	123644.0	124227.0
1596	123689.0	124200.0
1597	123643.0	124297.0
1598	123657.0	124136.0
1599	123610.0	124275.0
1600	123648.0	124289.0
1601	123542.0	124189.0
1602	123589.0	124323.0
1603	123717.0	124181.0
1604	123577.0	124246.0
1605	123527.0	124193.0
1606	123558.0	124246.0
1607	123532.0	124261.0
1608	123560.0	124253.0
1609	123508.0	124247.0
1610	123520.0	124290.0
1611	123434.0	124182.0
1612	123586.0	124287.0
1613	123407.0	124243.0
1614	123639.0	124101.0
1615	123493.0	124222.0
1616	123525.0	124241.0
1617	123662.0	124258.0
1618	123449.0	124173.0
1619	123573.0	124254.0
1620	123554.0	124334.0
1621	123607.0	124234.0
1622	123483.0	124049.0
1623	123470.0	124224.0
1624	123476.0	124235.0
1625	123509.0	124164.0
1626	123465.0	124180.0
1627	123559.0	124183.0
1628	123430.0	124199.0
1629	123614.0	124154.0
1630	123484.0	124089.0
1631	123496.0	124143.0
1632	123536.0	124241.0
1633	123398.0	124130.0
1634	123439.0	124060.0
1635	123539.0	124058.0
1636	123492.0	124195.0
1637	123448.0	124053.0
1638	123427.0	124137.0
1639	123448.0	124144.0
1640	123485.0	124123.0
1641	123537.0	124052.0
1642	123526.0	124042.0
1643	123391.0	124123.0
1644	123455.0	124122.0
1645	123546.0	124230.0
1646	123465.0	124111.0
1647	123492.0	124109.0
1648	123305.0	124051.0
1649	123468.0	124041.0
1650	123399.0	123978.0
1651	123368.0	124048.0
1652	123333.0	124011.0
1653	123471.0	123987.0
1654	123363.0	123969.0
1655	123406.0	124053.0
1656	123392.0	124106.0
1657	123212.0	124104.0
1658	123298.0	124006.0
1659	123319.0	124070.0
1660	123302.0	124101.0
1661	123306.0	124004.0
1662	123338.0	124009.0
1663	123242.0	124036.0
1664	123324.0	124029.0
1665	123271.0	123967.0
1666	123315.0	124029.0
1667	123259.0	124017.0
1668	123379.0	124003.0
1669	123223.0	124039.0
1670	123248.0	123904.0
1671	123338.0	123927.0
1672	123255.0	123970.0
1673	123318.0	123927.0
1674	123220.0	123935.0
1675	123240.0	123994.0
1676	123187.0	124016.0
1677	123155.0	124060.0
1678	123105.0	123884.0
1679	123223.0	123950.0
1680	123108.0	123996.0
1681	123118.0	124074.0
1682	123143.0	123888.0
1683	123094.0	123984.0
1684	123067.0	124008.0
1685	123076.0	123928.0
1686	123108.0	123897.0
1687	122942.0	123949.0
1688	122941.0	123994.0
1689	122852.0	123881.0
1690	122880.0	124093.0
1691	122911.0	123969.0
1692	122917.0	123973.0
1693	122878.0	123949.0
1694	122841.0	123912.0
1695	122887.0	123940.0
1696	122855.0	123934.0
1697	122860.0	123997.0
1698	122813.0	123956.0
1699	122769.0	123916.0
1700	122739.0	124024.0
1701	122683.0	123860.0
1702	122721.0	123903.0
1703	122599.0	123943.0
1704	122657.0	124009.0
1705	122676.0	123910.0
1706	122739.0	123976.0
1707	122562.0	123958.0
1708	122619.0	123927.0
1709	122489.0	123899.0
1710	122571.0	123847.0
1711	122430.0	124053.0
1712	122412.0	123931.0
1713	122572.0	123887.0
1714	122510.0	123900.0
1715	122407.0	123895.0
1716	122289.0	123924.0
1717	122316.0	123943.0
1718	122394.0	123987.0
1719	122445.0	123940.0
1720	122350.0	123857.0
1721	122217.0	123986.0
1722	122341.0	124026.0
1723	122297.0	123864.0
1724	122382.0	123877.0
1725	122205.0	123881.0
1726	122110.0	123862.0
1727	122162.0	123906.0
1728	122204.0	123846.0
1729	122067.0	123891.0
1730	122105.0	123912.0
1731	122114.0	123841.0
1732	122060.0	123899.0
1733	122158.0	123871.0
1734	121984.0	123839.0
1735	122070.0	123858.0
1736	122009.0	123751.0
1737	122052.0	123801.0
1738	122095.0	123818.0
1739	121977.0	123796.0
1740	122039.0	123812.0
1741	122098.0	123749.0
1742	122037.0	123802.0
1743	122048.0	123667.0
1744	121990.0	123721.0
1745	121941.0	123687.0
1746	121921.0	123567.0
1747	122032.0	123580.0
1748	121894.0	123628.0
1749	121974.0	123721.0
1750	121902.0	123738.0
1751	121949.0	123743.0
1752	121954.0	123655.0
1753	121975.0	123721.0
1754	121880.0	123622.0
1755	122052.0	123588.0
1756	121930.0	123623.0
1757	121896.0	123609.0
1758	121914.0	123652.0
1759	121896.0	123569.0
1760	121879.0	123632.0
1761	121944.0	123570.0
1762	121931.0	123627.0
1763	121927.0	123651.0
1764	121983.0	123596.0
1765	121927.0	123584.0
1766	121941.0	123667.0
1767	121919.0	123659.0
1768	121943.0	123594.0
1769	121869.0	123496.0
1770	121924.0	123586.0
1771	121938.0	123561.0
1772	121928.0	123525.0
1773	121880.0	123654.0
1774	122058.0	123592.0
1775	121950.0	123513.0
1776	121898.0	123675.0
1777	122028.0	123586.0
1778	121953.0	123691.0
1779	121963.0	123715.0
1780	121970.0	123536.0
1781	121910.0	123705.0
1782	121873.0	123580.0
1783	121957.0	123692.0
1784	121983.0	123562.0
1785	121970.0	123535.0
1786	121965.0	123586.0
1787	121918.0	123614.0
1788	122040.0	123547.0
1789	121966.0	123612.0
1790	121995.0	123674.0
1791	122038.0	123480.0
1792	122012.0	123563.0
1793	122174.0	123592.0
1794	122168.0	123603.0
1795	122126.0	123640.0
1796	122002.0	123606.0
1797	122088.0	123491.0
1798	122137.0	123636.0
1799	122138.0	123419.0
1800	122181.0	123575.0
1801	122208.0	123462.0
1802	122110.0	123490.0
1803	122224.0	123409.0
1804	122185.0	123395.0
1805	122124.0	123383.0
1806	122175.0	123370.0
1807	122204.0	123562.0
1808	122278.0	123313.0
1809	122243.0	123435.0
1810	122162.0	123376.0
1811	122199.0	123393.0
1812	122187.0	123393.0
1813	122332.0	123250.0
1814	122212.0	123388.0
1815	122281.0	123342.0
1816	122196.0	123176.0
1817	122282.0	123320.0
1818	122186.0	123266.0
1819	122377.0	123335.0
1820	122370.0	123245.0
1821	122243.0	123170.0
1822	122261.0	123123.0
1823	122337.0	123235.0
1824	122297.0	123107.0
1825	122316.0	123158.0
1826	122195.0	123001.0
1827	122358.0	122999.0
1828	122318.0	123048.0
1829	122329.0	123049.0
1830	122326.0	122979.0
1831	122224.0	122942.0
1832	122339.0	122990.0
1833	122273.0	122976.0
1834	122317.0	122874.0
1835	122241.0	122803.0
1836	122317.0	122757.0
1837	122347.0	122805.0
1838	122272.0	122878.0
1839	122218.0	122853.0
1840	122198.0	122733.0
1841	122290.0	122729.0
1842	122329.0	122746.0
1843	122235.0	122666.0
1844	122324.0	122707.0
1845	122296.0	122682.0
1846	122332.0	122717.0
1847	122359.0	122713.0
1848	122286.0	122662.0
1849	122275.0	122632.0
1850	122205.0	122686.0
1851	122395.0	122577.0
1852	122280.0	122686.0
1853	122324.0	122509.0
1854	122304.0	122564.0
1855	122244.0	122520.0
1856	122240.0	122520.0
1857	122329.0	122545.0
1858	122143.0	122408.0
1859	122387.0	122497.0
1860	122261.0	122455.0
1861	122337.0	122455.0
1862	122311.0	122477.0
1863	122203.0	122382.0
1864	122286.0	122368.0
1865	122359.0	122328.0
1866	122392.0	122380.0
1867	122324.0	122306.0
1868	122277.0	122374.0
1869	122277.0	122340.0
1870	122333.0	122379.0
1871	122249.0	122310.0
1872	122274.0	122271.0
1873	122276.0	122286.0
1874	122254.0	122402.0
1875	122235.0	122306.0
1876	122207.0	122346.0
1877	122213.0	122292.0
1878	122317.0	122186.0
1879	122376.0	122255.0
1880	122370.0	122255.0
1881	122324.0	122226.0
1882	122196.0	122344.0
1883	122236.0	122223.0
1884	122246.0	122086.0
1885	122256.0	122171.0
1886	122269.0	122180.0
1887	122414.0	122227.0
1888	122351.0	122086.0
1889	122466.0	122151.0
1890	122284.0	122128.0
1891	122540.0	122221.0
1892	122423.0	122224.0
1893	122309.0	122143.0
1894	122428.0	122197.0
1895	122396.0	122212.0
1896	122459.0	122139.0
1897	122492.0	122206.0
1898	122482.0	122211.0
1899	122558.0	122092.0
1900	122425.0	122214.0
1901	122583.0	122167.0
1902	122517.0	122186.0
1903	122548.0	122222.0
1904	122651.0	122174.0
1905	122529.0	122228.0
1906	122588.0	122098.0
1907	122498.0	122140.0
1908	122614.0	122162.0
1909	122587.0	122099.0
1910	122631.0	122173.0
1911	122553.0	122109.0
1912	122515.0	122091.0
1913	122595.0	122158.0
1914	122664.0	122180.0
1915	122549.0	122124.0
1916	122523.0	122163.0
1917	122638.0	122115.0
1918	122516.0	122203.0
1919	122561.0	122075.0
1920	122732.0	122173.0
1921	122669.0	122149.0
1922	122723.0	122171.0
1923	122722.0	122131.0
1924	122673.0	122098.0
1925	122552.0	122057.0
1926	122711.0	122073.0
1927	122743.0	122228.0
1928	122622.0	122246.0
1929	122689.0	122219.0
1930	122620.0	122171.0
1931	122684.0	122212.0
1932	122809.0	122130.0
1933	122789.0	122170.0
1934	122765.0	122179.0
1935	122699.0	122276.0
1936	122815.0	122229.0
1937	122982.0	122252.0
1938	122945.0	122173.0
1939	122906.0	122141.0
1940	122907.0	122229.0
1941	122882.0	122234.0
1942	122968.0	122264.0
1943	122904.0	122184.0
1944	122910.0	122255.0
1945	122969.0	122234.0
1946	122889.0	122302.0
1947	122879.0	122227.0
1948	122814.0	122202.0
1949	122849.0	122395.0
1950	122833.0	122308.0
1951	123008.0	122375.0
1952	122933.0	122367.0
1953	122948.0	122367.0
1954	123021.0	122372.0
1955	122927.0	122365.0
1956	122960.0	122281.0
1957	123034.0	122356.0
1958	122951.0	122367.0
1959	122953.0	122424.0
1960	123016.0	122349.0
1961	122953.0	122400.0
1962	123012.0	122365.0
1963	123059.0	122280.0
1964	123069.0	122246.0
1965	123084.0	122386.0
1966	122972.0	122413.0
1967	122960.0	122433.0
1968	122949.0	122413.0
1969	123016.0	122475.0
1970	123060.0	122331.0
1971	123014.0	122411.0
1972	122978.0	122497.0
1973	122918.0	122372.0
1974	122897.0	122471.0
1975	123040.0	122384.0
1976	122951.0	122493.0
1977	123084.0	122433.0
1978	122934.0	122458.0
1979	123060.0	122460.0
1980	122977.0	122451.0
1981	122988.0	122523.0
1982	123031.0	122418.0
1983	123054.0	122511.0
1984	123057.0	122347.0
1985	123022.0	122479.0
1986	122929.0	122468.0
1987	122975.0	122493.0
1988	122968.0	122366.0
1989	123050.0	122397.0
1990	122903.0	122516.0
1991	123015.0	122514.0
1992	123024.0	122519.0
1993	123078.0	122347.0
1994	122856.0	122564.0
1995	122966.0	122509.0
1996	122962.0	122452.0
1997	123054.0	122466.0
1998	122970.0	122518.0
1999	122989.0	122434.0
