Tag Length (Average tag length = 50.921983)	Fraction of Tags
0	0.000000
1	0.000000
2	0.000000
3	0.000012
4	0.000014
5	0.000015
6	0.000019
7	0.000013
8	0.000018
9	0.000019
10	0.000028
11	0.000020
12	0.000016
13	0.000016
14	0.000024
15	0.000020
16	0.000017
17	0.000015
18	0.000021
19	0.000019
20	0.000044
21	0.000051
22	0.000056
23	0.000049
24	0.000050
25	0.000045
26	0.000045
27	0.000051
28	0.000043
29	0.000056
30	0.000179
31	0.000198
32	0.000222
33	0.000184
34	0.000173
35	0.000285
36	0.000363
37	0.000235
38	0.000199
39	0.000221
40	0.000187
41	0.000252
42	0.000226
43	0.000226
44	0.000204
45	0.000192
46	0.000336
47	0.000295
48	0.000301
49	0.000678
50	0.000059
51	0.993989
